# t x y z qx qy qz qw
0.000000 0.680085 0.350597 0.276874 -0.574906 0.532518 -0.408150 0.468317
0.010000 0.680101 0.350567 0.276873 -0.574895 0.532533 -0.408158 0.468308
0.020000 0.680116 0.350538 0.276874 -0.574883 0.532544 -0.408169 0.468299
0.030000 0.680128 0.350515 0.276875 -0.574874 0.532554 -0.408176 0.468294
0.040000 0.680141 0.350490 0.276874 -0.574864 0.532565 -0.408183 0.468286
0.050000 0.680152 0.350467 0.276874 -0.574856 0.532574 -0.408190 0.468280
0.060000 0.680163 0.350448 0.276876 -0.574847 0.532583 -0.408196 0.468276
0.070000 0.680177 0.350419 0.276876 -0.574838 0.532594 -0.408206 0.468266
0.080000 0.680193 0.350391 0.276876 -0.574824 0.532608 -0.408213 0.468260
0.090000 0.680206 0.350366 0.276877 -0.574814 0.532620 -0.408220 0.468253
0.100000 0.680222 0.350337 0.276881 -0.574803 0.532631 -0.408225 0.468250
0.110000 0.680228 0.350335 0.276891 -0.574808 0.532622 -0.408203 0.468273
0.120000 0.680229 0.350357 0.276905 -0.574834 0.532592 -0.408141 0.468330
0.130000 0.680229 0.350386 0.276921 -0.574868 0.532554 -0.408060 0.468402
0.140000 0.680216 0.350449 0.276935 -0.574933 0.532489 -0.407914 0.468522
0.150000 0.680197 0.350521 0.276951 -0.575011 0.532417 -0.407739 0.468662
0.160000 0.680178 0.350600 0.276974 -0.575088 0.532345 -0.407547 0.468816
0.170000 0.680164 0.350672 0.277000 -0.575156 0.532279 -0.407369 0.468961
0.180000 0.680152 0.350749 0.277032 -0.575239 0.532197 -0.407155 0.469138
0.190000 0.680142 0.350814 0.277064 -0.575314 0.532120 -0.406966 0.469297
0.200000 0.680138 0.350876 0.277107 -0.575377 0.532047 -0.406794 0.469453
0.210000 0.680142 0.350919 0.277143 -0.575426 0.531988 -0.406655 0.469580
0.220000 0.680153 0.350965 0.277192 -0.575483 0.531916 -0.406484 0.469741
0.230000 0.680166 0.350995 0.277226 -0.575531 0.531861 -0.406335 0.469872
0.240000 0.680180 0.351024 0.277261 -0.575591 0.531795 -0.406161 0.470023
0.250000 0.680196 0.351041 0.277296 -0.575636 0.531747 -0.406007 0.470156
0.260000 0.680223 0.351042 0.277338 -0.575673 0.531705 -0.405848 0.470295
0.270000 0.680251 0.351031 0.277375 -0.575703 0.531670 -0.405721 0.470408
0.280000 0.680283 0.351028 0.277415 -0.575750 0.531607 -0.405574 0.470549
0.290000 0.680318 0.351028 0.277459 -0.575791 0.531541 -0.405447 0.470682
0.300000 0.680363 0.351014 0.277497 -0.575829 0.531475 -0.405339 0.470803
0.310000 0.680414 0.350988 0.277529 -0.575863 0.531415 -0.405239 0.470916
0.320000 0.680473 0.350944 0.277556 -0.575887 0.531366 -0.405151 0.471017
0.330000 0.680534 0.350901 0.277578 -0.575915 0.531313 -0.405057 0.471123
0.340000 0.680591 0.350872 0.277600 -0.575960 0.531244 -0.404941 0.471245
0.350000 0.680647 0.350840 0.277616 -0.576007 0.531177 -0.404830 0.471359
0.360000 0.680707 0.350788 0.277621 -0.576044 0.531129 -0.404736 0.471448
0.370000 0.680769 0.350724 0.277630 -0.576066 0.531098 -0.404662 0.471520
0.380000 0.680826 0.350658 0.277639 -0.576078 0.531076 -0.404611 0.471575
0.390000 0.680878 0.350602 0.277647 -0.576094 0.531051 -0.404555 0.471632
0.400000 0.680925 0.350557 0.277656 -0.576115 0.531021 -0.404493 0.471693
0.410000 0.680965 0.350517 0.277663 -0.576133 0.530995 -0.404439 0.471746
0.420000 0.681003 0.350481 0.277668 -0.576155 0.530968 -0.404381 0.471800
0.430000 0.681038 0.350453 0.277677 -0.576179 0.530934 -0.404322 0.471859
0.440000 0.681069 0.350425 0.277684 -0.576195 0.530910 -0.404277 0.471905
0.450000 0.681095 0.350394 0.277684 -0.576210 0.530893 -0.404239 0.471938
0.460000 0.681107 0.350355 0.277659 -0.576236 0.530879 -0.404208 0.471949
0.470000 0.681106 0.350314 0.277614 -0.576270 0.530869 -0.404171 0.471949
0.480000 0.681104 0.350275 0.277571 -0.576301 0.530864 -0.404139 0.471945
0.490000 0.681088 0.350238 0.277511 -0.576343 0.530857 -0.404102 0.471934
0.500000 0.681064 0.350208 0.277442 -0.576392 0.530847 -0.404057 0.471923
0.510000 0.681031 0.350186 0.277368 -0.576453 0.530830 -0.404003 0.471915
0.520000 0.680987 0.350170 0.277284 -0.576520 0.530811 -0.403948 0.471900
0.529999 0.680950 0.350153 0.277212 -0.576573 0.530802 -0.403907 0.471882
0.539999 0.680914 0.350133 0.277135 -0.576627 0.530794 -0.403864 0.471861
0.549999 0.680885 0.350115 0.277070 -0.576674 0.530785 -0.403826 0.471846
0.559999 0.680843 0.350109 0.276993 -0.576738 0.530765 -0.403771 0.471837
0.569999 0.680804 0.350104 0.276920 -0.576801 0.530743 -0.403715 0.471832
0.579999 0.680775 0.350101 0.276869 -0.576853 0.530720 -0.403670 0.471834
0.589999 0.680739 0.350111 0.276817 -0.576911 0.530691 -0.403613 0.471845
0.599999 0.680715 0.350119 0.276779 -0.576950 0.530673 -0.403575 0.471849
0.609999 0.680711 0.350127 0.276773 -0.576963 0.530663 -0.403556 0.471861
0.619999 0.680711 0.350131 0.276775 -0.576969 0.530655 -0.403546 0.471871
0.629999 0.680712 0.350136 0.276779 -0.576974 0.530646 -0.403538 0.471882
0.639999 0.680710 0.350149 0.276783 -0.576986 0.530631 -0.403519 0.471901
0.649999 0.680710 0.350158 0.276786 -0.576998 0.530617 -0.403498 0.471920
0.659999 0.680716 0.350162 0.276789 -0.577010 0.530600 -0.403473 0.471945
0.669999 0.680721 0.350162 0.276791 -0.577021 0.530587 -0.403452 0.471965
0.679999 0.680728 0.350162 0.276791 -0.577038 0.530568 -0.403421 0.471991
0.689999 0.680734 0.350163 0.276792 -0.577055 0.530549 -0.403393 0.472017
0.699999 0.680742 0.350163 0.276795 -0.577065 0.530535 -0.403370 0.472039
0.709999 0.680753 0.350157 0.276802 -0.577070 0.530524 -0.403354 0.472059
0.719999 0.680766 0.350147 0.276805 -0.577078 0.530512 -0.403336 0.472078
0.729999 0.680777 0.350140 0.276807 -0.577088 0.530500 -0.403311 0.472100
0.739999 0.680789 0.350128 0.276807 -0.577100 0.530487 -0.403287 0.472122
0.749999 0.680805 0.350114 0.276809 -0.577111 0.530473 -0.403261 0.472146
0.759999 0.680824 0.350096 0.276812 -0.577121 0.530460 -0.403235 0.472172
0.769999 0.680840 0.350084 0.276817 -0.577133 0.530443 -0.403207 0.472200
0.779999 0.680859 0.350080 0.276823 -0.577164 0.530403 -0.403147 0.472257
0.789999 0.680878 0.350089 0.276831 -0.577207 0.530348 -0.403065 0.472337
0.799999 0.680902 0.350109 0.276843 -0.577279 0.530258 -0.402941 0.472456
0.809999 0.680933 0.350132 0.276850 -0.577378 0.530141 -0.402768 0.472613
0.819999 0.680967 0.350176 0.276866 -0.577502 0.529989 -0.402555 0.472813
0.829999 0.681006 0.350211 0.276883 -0.577619 0.529845 -0.402347 0.473009
0.839999 0.681042 0.350254 0.276900 -0.577744 0.529691 -0.402126 0.473216
0.849999 0.681097 0.350297 0.276925 -0.577902 0.529494 -0.401844 0.473484
0.859999 0.681147 0.350321 0.276939 -0.578034 0.529334 -0.401607 0.473703
0.869999 0.681215 0.350317 0.276960 -0.578153 0.529182 -0.401377 0.473921
0.879999 0.681282 0.350297 0.276977 -0.578252 0.529057 -0.401183 0.474105
0.889999 0.681350 0.350262 0.276988 -0.578340 0.528949 -0.401004 0.474270
0.899999 0.681430 0.350209 0.277004 -0.578419 0.528847 -0.400829 0.474435
0.909999 0.681508 0.350147 0.277019 -0.578480 0.528765 -0.400687 0.474571
0.919999 0.681590 0.350067 0.277037 -0.578522 0.528704 -0.400569 0.474688
0.929999 0.681682 0.349961 0.277055 -0.578550 0.528660 -0.400469 0.474788
0.939999 0.681769 0.349852 0.277071 -0.578562 0.528634 -0.400394 0.474866
0.949999 0.681861 0.349731 0.277091 -0.578567 0.528613 -0.400329 0.474937
0.959999 0.681952 0.349606 0.277104 -0.578570 0.528598 -0.400273 0.474997
0.969999 0.682048 0.349472 0.277116 -0.578572 0.528584 -0.400221 0.475054
0.979999 0.682141 0.349335 0.277123 -0.578563 0.528587 -0.400186 0.475092
0.989999 0.682252 0.349167 0.277133 -0.578547 0.528594 -0.400151 0.475133
0.999999 0.682353 0.349019 0.277147 -0.578535 0.528594 -0.400117 0.475175
1.009999 0.682454 0.348878 0.277160 -0.578534 0.528583 -0.400064 0.475234
1.019999 0.682548 0.348746 0.277167 -0.578537 0.528572 -0.400007 0.475290
1.029999 0.682640 0.348615 0.277175 -0.578534 0.528567 -0.399964 0.475337
1.039999 0.682718 0.348495 0.277181 -0.578520 0.528576 -0.399943 0.475361
1.049999 0.682801 0.348359 0.277186 -0.578497 0.528597 -0.399932 0.475375
1.059999 0.682892 0.348205 0.277190 -0.578471 0.528621 -0.399924 0.475387
1.069999 0.682981 0.348058 0.277201 -0.578440 0.528648 -0.399920 0.475398
1.079999 0.683056 0.347933 0.277212 -0.578410 0.528674 -0.399917 0.475407
1.089999 0.683129 0.347804 0.277225 -0.578373 0.528707 -0.399927 0.475407
1.099999 0.683202 0.347681 0.277244 -0.578332 0.528742 -0.399943 0.475404
1.109999 0.683256 0.347585 0.277261 -0.578298 0.528771 -0.399955 0.475404
1.119999 0.683308 0.347484 0.277276 -0.578258 0.528810 -0.399971 0.475395
1.129999 0.683351 0.347389 0.277286 -0.578220 0.528850 -0.399990 0.475380
1.139999 0.683370 0.347313 0.277284 -0.578196 0.528884 -0.400004 0.475361
1.149999 0.683386 0.347239 0.277275 -0.578176 0.528920 -0.400014 0.475337
1.159999 0.683394 0.347176 0.277272 -0.578159 0.528949 -0.400022 0.475318
1.169999 0.683392 0.347127 0.277267 -0.578148 0.528971 -0.400026 0.475304
1.179999 0.683384 0.347075 0.277256 -0.578139 0.528997 -0.400026 0.475286
1.189999 0.683369 0.347045 0.277247 -0.578139 0.529011 -0.400020 0.475275
1.199999 0.683350 0.347021 0.277240 -0.578142 0.529020 -0.400016 0.475265
1.209999 0.683326 0.347016 0.277243 -0.578146 0.529022 -0.400003 0.475268
1.219999 0.683298 0.347017 0.277243 -0.578152 0.529024 -0.399987 0.475272
1.229999 0.683257 0.347024 0.277237 -0.578167 0.529024 -0.399964 0.475275
1.239999 0.683217 0.347026 0.277227 -0.578182 0.529024 -0.399943 0.475273
1.249999 0.683178 0.347030 0.277226 -0.578195 0.529021 -0.399923 0.475277
1.259999 0.683137 0.347035 0.277227 -0.578208 0.529016 -0.399905 0.475283
1.269999 0.683112 0.347023 0.277225 -0.578215 0.529018 -0.399895 0.475280
1.279999 0.683085 0.347012 0.277219 -0.578226 0.529017 -0.399882 0.475279
1.289999 0.683064 0.346995 0.277206 -0.578236 0.529020 -0.399869 0.475275
1.299999 0.683049 0.346971 0.277188 -0.578252 0.529019 -0.399849 0.475272
1.309999 0.683040 0.346945 0.277169 -0.578274 0.529010 -0.399816 0.475284
1.319999 0.683035 0.346914 0.277144 -0.578302 0.528999 -0.399772 0.475299
1.329999 0.683030 0.346889 0.277119 -0.578335 0.528982 -0.399723 0.475319
1.339999 0.683025 0.346865 0.277088 -0.578383 0.528953 -0.399649 0.475356
1.349999 0.683025 0.346836 0.277058 -0.578435 0.528915 -0.399568 0.475401
1.359999 0.683029 0.346806 0.277028 -0.578480 0.528885 -0.399499 0.475439
1.369999 0.683055 0.346742 0.277010 -0.578508 0.528867 -0.399444 0.475471
1.379999 0.683083 0.346680 0.276993 -0.578534 0.528849 -0.399387 0.475507
1.389999 0.683110 0.346622 0.276980 -0.578569 0.528818 -0.399316 0.475559
1.399999 0.683136 0.346574 0.276977 -0.578611 0.528776 -0.399232 0.475625
1.409999 0.683166 0.346522 0.276979 -0.578648 0.528736 -0.399147 0.475697
1.419999 0.683193 0.346489 0.276985 -0.578704 0.528670 -0.399031 0.475798
1.429999 0.683227 0.346456 0.276993 -0.578770 0.528593 -0.398897 0.475916
1.439999 0.683271 0.346445 0.277020 -0.578880 0.528450 -0.398689 0.476115
1.449999 0.683302 0.346468 0.277047 -0.579012 0.528282 -0.398453 0.476339
1.459999 0.683336 0.346505 0.277082 -0.579172 0.528075 -0.398174 0.476607
1.469999 0.683368 0.346548 0.277116 -0.579352 0.527845 -0.397871 0.476895
1.479999 0.683406 0.346577 0.277160 -0.579523 0.527618 -0.397575 0.477185
1.489999 0.683446 0.346603 0.277215 -0.579692 0.527387 -0.397280 0.477482
1.499999 0.683489 0.346608 0.277264 -0.579848 0.527178 -0.396997 0.477759
1.509999 0.683541 0.346590 0.277310 -0.580001 0.526974 -0.396704 0.478041
1.519999 0.683598 0.346546 0.277344 -0.580141 0.526794 -0.396430 0.478297
1.529999 0.683655 0.346487 0.277369 -0.580251 0.526654 -0.396208 0.478502
1.539999 0.683729 0.346389 0.277392 -0.580327 0.526553 -0.396030 0.478668
1.549999 0.683805 0.346278 0.277415 -0.580400 0.526456 -0.395855 0.478830
1.559999 0.683880 0.346161 0.277433 -0.580475 0.526363 -0.395670 0.478995
1.569999 0.683935 0.346063 0.277437 -0.580544 0.526290 -0.395503 0.479130
1.579998 0.683998 0.345945 0.277438 -0.580597 0.526236 -0.395352 0.479249
1.589998 0.684066 0.345827 0.277447 -0.580644 0.526186 -0.395198 0.479374
1.599998 0.684140 0.345683 0.277446 -0.580670 0.526162 -0.395090 0.479457
1.609998 0.684227 0.345498 0.277445 -0.580675 0.526160 -0.395018 0.479512
1.619998 0.684297 0.345332 0.277462 -0.580689 0.526140 -0.394937 0.479584
1.629998 0.684381 0.345130 0.277488 -0.580679 0.526146 -0.394874 0.479642
1.639998 0.684471 0.344901 0.277512 -0.580652 0.526175 -0.394828 0.479681
1.649998 0.684559 0.344684 0.277546 -0.580628 0.526195 -0.394774 0.479733
1.659998 0.684641 0.344494 0.277607 -0.580612 0.526194 -0.394686 0.479826
1.669998 0.684720 0.344304 0.277657 -0.580583 0.526216 -0.394617 0.479893
1.679998 0.684810 0.344062 0.277719 -0.580560 0.526235 -0.394501 0.479996
1.689998 0.684878 0.343874 0.277781 -0.580555 0.526225 -0.394398 0.480098
1.699998 0.684959 0.343675 0.277856 -0.580531 0.526217 -0.394345 0.480178
1.709998 0.685052 0.343448 0.277945 -0.580489 0.526220 -0.394322 0.480246
1.719998 0.685114 0.343281 0.278030 -0.580461 0.526211 -0.394286 0.480319
1.729998 0.685174 0.343097 0.278125 -0.580424 0.526214 -0.394241 0.480397
1.739998 0.685223 0.342921 0.278216 -0.580374 0.526235 -0.394224 0.480448
1.749998 0.685289 0.342715 0.278308 -0.580302 0.526279 -0.394235 0.480478
1.759998 0.685363 0.342498 0.278422 -0.580207 0.526339 -0.394259 0.480508
1.769998 0.685412 0.342290 0.278526 -0.580073 0.526468 -0.394284 0.480508
1.779998 0.685444 0.342091 0.278617 -0.579915 0.526654 -0.394286 0.480491
1.789998 0.685461 0.341910 0.278711 -0.579757 0.526849 -0.394273 0.480480
1.799998 0.685462 0.341740 0.278824 -0.579582 0.527065 -0.394239 0.480483
1.809998 0.685448 0.341601 0.278942 -0.579414 0.527269 -0.394183 0.480506
1.819998 0.685432 0.341481 0.279049 -0.579270 0.527447 -0.394121 0.480536
1.829998 0.685416 0.341334 0.279171 -0.579112 0.527649 -0.394042 0.480570
1.839998 0.685401 0.341185 0.279313 -0.578959 0.527830 -0.393962 0.480619
1.849998 0.685382 0.341035 0.279461 -0.578816 0.527999 -0.393878 0.480676
1.859998 0.685331 0.340948 0.279592 -0.578726 0.528098 -0.393794 0.480744
1.869998 0.685275 0.340872 0.279749 -0.578638 0.528173 -0.393733 0.480818
1.879998 0.685207 0.340805 0.279926 -0.578556 0.528220 -0.393690 0.480900
1.889998 0.685166 0.340707 0.280107 -0.578474 0.528244 -0.393693 0.480970
1.899998 0.685105 0.340620 0.280306 -0.578409 0.528237 -0.393697 0.481053
1.909998 0.685025 0.340545 0.280508 -0.578359 0.528205 -0.393708 0.481138
1.919998 0.684954 0.340472 0.280700 -0.578321 0.528155 -0.393737 0.481215
1.929998 0.684880 0.340407 0.280950 -0.578284 0.528058 -0.393787 0.481325
1.939998 0.684808 0.340354 0.281185 -0.578270 0.527936 -0.393845 0.481429
1.949998 0.684758 0.340250 0.281413 -0.578251 0.527814 -0.393936 0.481510
1.959998 0.684725 0.340111 0.281664 -0.578230 0.527670 -0.394055 0.481597
1.969998 0.684702 0.339991 0.281934 -0.578220 0.527489 -0.394181 0.481704
1.979998 0.684691 0.339849 0.282220 -0.578197 0.527310 -0.394324 0.481810
1.989998 0.684699 0.339648 0.282526 -0.578143 0.527157 -0.394492 0.481904
1.999998 0.684703 0.339470 0.282788 -0.578099 0.527033 -0.394618 0.481991
2.009998 0.684740 0.339221 0.283071 -0.578025 0.526933 -0.394749 0.482081
2.019998 0.684782 0.338978 0.283319 -0.577968 0.526828 -0.394869 0.482165
2.029998 0.684831 0.338764 0.283570 -0.577919 0.526708 -0.394980 0.482265
2.039998 0.684885 0.338565 0.283865 -0.577851 0.526583 -0.395091 0.482391
2.049998 0.684914 0.338392 0.284119 -0.577807 0.526466 -0.395169 0.482508
2.059998 0.684943 0.338191 0.284369 -0.577763 0.526356 -0.395232 0.482630
2.069998 0.684959 0.338029 0.284601 -0.577733 0.526247 -0.395257 0.482764
2.079998 0.684967 0.337895 0.284859 -0.577717 0.526109 -0.395245 0.482943
2.089998 0.684986 0.337759 0.285085 -0.577697 0.526002 -0.395205 0.483115
2.099998 0.684997 0.337650 0.285277 -0.577707 0.525875 -0.395152 0.483286
2.109998 0.684993 0.337584 0.285467 -0.577742 0.525713 -0.395085 0.483475
2.119998 0.684999 0.337490 0.285682 -0.577778 0.525533 -0.395015 0.483685
2.129998 0.685000 0.337409 0.285878 -0.577816 0.525363 -0.394941 0.483884
2.139998 0.684994 0.337332 0.286096 -0.577869 0.525166 -0.394840 0.484117
2.149998 0.684980 0.337246 0.286311 -0.577928 0.524975 -0.394709 0.484360
2.159998 0.684961 0.337158 0.286498 -0.577985 0.524817 -0.394548 0.484596
2.169998 0.684981 0.336984 0.286694 -0.577996 0.524716 -0.394398 0.484813
2.179998 0.685017 0.336772 0.286916 -0.577976 0.524645 -0.394252 0.485032
2.189998 0.685032 0.336603 0.287098 -0.577979 0.524562 -0.394127 0.485220
2.199998 0.685070 0.336354 0.287313 -0.577971 0.524450 -0.394081 0.485388
2.209998 0.685110 0.336133 0.287537 -0.577941 0.524352 -0.394083 0.485528
2.219998 0.685154 0.335883 0.287817 -0.577885 0.524257 -0.394088 0.485694
2.229998 0.685184 0.335650 0.288053 -0.577827 0.524200 -0.394086 0.485826
2.239998 0.685208 0.335417 0.288286 -0.577771 0.524144 -0.394089 0.485951
2.249998 0.685197 0.335256 0.288487 -0.577742 0.524080 -0.394055 0.486081
2.259998 0.685204 0.335055 0.288683 -0.577692 0.524052 -0.394017 0.486202
2.269998 0.685248 0.334803 0.288920 -0.577602 0.524042 -0.394004 0.486330
2.279998 0.685279 0.334590 0.289194 -0.577516 0.524009 -0.393966 0.486498
2.289998 0.685310 0.334365 0.289462 -0.577425 0.523994 -0.393921 0.486659
2.299998 0.685364 0.334096 0.289759 -0.577320 0.523973 -0.393887 0.486834
2.309998 0.685441 0.333797 0.290098 -0.577194 0.523954 -0.393851 0.487033
2.319998 0.685523 0.333505 0.290478 -0.577050 0.523948 -0.393767 0.487278
2.329998 0.685613 0.333198 0.290859 -0.576880 0.523989 -0.393655 0.487525
2.339998 0.685712 0.332847 0.291251 -0.576676 0.524089 -0.393498 0.487786
2.349998 0.685804 0.332476 0.291619 -0.576471 0.524215 -0.393323 0.488034
2.359998 0.685896 0.332092 0.292023 -0.576303 0.524231 -0.393247 0.488276
2.369998 0.686030 0.331665 0.292465 -0.576126 0.524185 -0.393325 0.488472
2.379998 0.686171 0.331226 0.292888 -0.575951 0.524133 -0.393453 0.488631
2.389998 0.686313 0.330702 0.293383 -0.575754 0.524071 -0.393597 0.488813
2.399998 0.686438 0.330173 0.293780 -0.575542 0.524110 -0.393726 0.488918
2.409998 0.686564 0.329643 0.294122 -0.575324 0.524193 -0.393847 0.488986
2.419998 0.686671 0.329152 0.294483 -0.575102 0.524282 -0.393933 0.489083
2.429998 0.686765 0.328692 0.294847 -0.574906 0.524340 -0.393982 0.489213
2.439998 0.686848 0.328285 0.295248 -0.574686 0.524413 -0.394015 0.489365
2.449998 0.686883 0.327981 0.295639 -0.574472 0.524516 -0.393965 0.489547
2.459998 0.686908 0.327630 0.296134 -0.574159 0.524744 -0.393800 0.489804
2.469998 0.686954 0.327287 0.296668 -0.573798 0.525022 -0.393610 0.490081
2.479998 0.687012 0.326913 0.297282 -0.573374 0.525352 -0.393382 0.490406
2.489998 0.687148 0.326391 0.297959 -0.572851 0.525785 -0.393138 0.490749
2.499998 0.687334 0.325773 0.298783 -0.572240 0.526252 -0.392860 0.491183
2.509998 0.687522 0.325185 0.299626 -0.571665 0.526635 -0.392634 0.491623
2.519998 0.687643 0.324760 0.300398 -0.571245 0.526827 -0.392414 0.492081
2.529998 0.687808 0.324276 0.301259 -0.570810 0.526937 -0.392311 0.492550
2.539998 0.687969 0.323816 0.302169 -0.570386 0.526970 -0.392330 0.492991
2.549998 0.688156 0.323304 0.303156 -0.569966 0.526916 -0.392472 0.493420
2.559998 0.688330 0.322766 0.304122 -0.569570 0.526850 -0.392635 0.493818
2.569998 0.688480 0.322210 0.304960 -0.569181 0.526844 -0.392824 0.494123
2.579998 0.688613 0.321657 0.305723 -0.568805 0.526865 -0.393024 0.494374
2.589998 0.688751 0.321092 0.306471 -0.568428 0.526884 -0.393262 0.494599
2.599998 0.688868 0.320583 0.307209 -0.568068 0.526875 -0.393544 0.494798
2.609998 0.688995 0.319977 0.308033 -0.567608 0.526958 -0.393873 0.494975
2.619998 0.689006 0.319531 0.308758 -0.567192 0.527121 -0.394010 0.495169
2.629997 0.688957 0.319120 0.309473 -0.566766 0.527347 -0.394010 0.495416
2.639997 0.688850 0.318835 0.310154 -0.566392 0.527562 -0.393857 0.495736
2.649997 0.688761 0.318499 0.310882 -0.566001 0.527776 -0.393669 0.496105
2.659997 0.688681 0.318134 0.311619 -0.565622 0.527965 -0.393459 0.496503
2.669997 0.688668 0.317606 0.312292 -0.565175 0.528271 -0.393278 0.496830
2.679997 0.688617 0.317057 0.313008 -0.564683 0.528647 -0.393012 0.497199
2.689997 0.688528 0.316601 0.313801 -0.564220 0.528931 -0.392745 0.497634
2.699997 0.688410 0.316254 0.314620 -0.563847 0.529047 -0.392532 0.498101
2.709997 0.688299 0.315836 0.315460 -0.563477 0.529151 -0.392338 0.498562
2.719997 0.688264 0.315266 0.316204 -0.563062 0.529335 -0.392244 0.498909
2.729997 0.688248 0.314563 0.317037 -0.562598 0.529503 -0.392270 0.499233
2.739997 0.688185 0.314103 0.317701 -0.562339 0.529483 -0.392285 0.499534
2.749997 0.688108 0.313642 0.318451 -0.562151 0.529288 -0.392320 0.499925
2.759997 0.688015 0.313256 0.319170 -0.562053 0.528952 -0.392467 0.500276
2.769997 0.687957 0.312800 0.319884 -0.561981 0.528529 -0.392805 0.500538
2.779997 0.687923 0.312334 0.320558 -0.561988 0.527989 -0.393237 0.500762
2.789997 0.687911 0.311880 0.321175 -0.562117 0.527267 -0.393827 0.500914
2.799997 0.687932 0.311411 0.321782 -0.562327 0.526386 -0.394593 0.501001
2.809997 0.687966 0.310956 0.322368 -0.562620 0.525382 -0.395418 0.501076
2.819997 0.688027 0.310456 0.322900 -0.562878 0.524456 -0.396271 0.501082
2.829997 0.688114 0.309930 0.323377 -0.563022 0.523738 -0.397096 0.501019
2.839997 0.688219 0.309316 0.323924 -0.563081 0.523079 -0.398006 0.500919
2.849997 0.688276 0.308801 0.324355 -0.563149 0.522529 -0.398744 0.500829
2.859997 0.688299 0.308322 0.324710 -0.563329 0.521865 -0.399526 0.500695
2.869997 0.688354 0.307883 0.325030 -0.563458 0.521300 -0.400280 0.500537
2.879997 0.688396 0.307488 0.325420 -0.563574 0.520697 -0.401079 0.500395
2.889997 0.688422 0.307135 0.325733 -0.563612 0.520299 -0.401694 0.500271
2.899997 0.688457 0.306713 0.326003 -0.563601 0.520019 -0.402249 0.500130
2.909997 0.688466 0.306360 0.326228 -0.563585 0.519808 -0.402667 0.500032
2.919997 0.688463 0.306061 0.326471 -0.563557 0.519616 -0.403009 0.499987
2.929997 0.688480 0.305735 0.326767 -0.563501 0.519422 -0.403353 0.499974
2.939997 0.688533 0.305400 0.327049 -0.563405 0.519303 -0.403629 0.499983
2.949997 0.688598 0.305013 0.327362 -0.563190 0.519360 -0.403773 0.500049
2.959997 0.688637 0.304705 0.327610 -0.562921 0.519583 -0.403718 0.500165
2.969997 0.688698 0.304366 0.327925 -0.562552 0.519928 -0.403503 0.500396
2.979997 0.688780 0.304050 0.328230 -0.562159 0.520318 -0.403225 0.500656
2.989997 0.688906 0.303626 0.328656 -0.561574 0.520910 -0.402809 0.501030
2.999997 0.689026 0.303238 0.329022 -0.561030 0.521494 -0.402360 0.501395
3.009997 0.689169 0.302798 0.329388 -0.560454 0.522147 -0.401784 0.501820
3.019997 0.689314 0.302357 0.329787 -0.559945 0.522677 -0.401192 0.502310
3.029997 0.689471 0.301942 0.330200 -0.559588 0.522908 -0.400873 0.502722
3.039997 0.689698 0.301395 0.330674 -0.559166 0.523133 -0.400742 0.503061
3.049997 0.689924 0.300837 0.331131 -0.558747 0.523382 -0.400592 0.503387
3.059997 0.690114 0.300312 0.331554 -0.558387 0.523614 -0.400356 0.503734
3.069997 0.690270 0.299815 0.331932 -0.558087 0.523817 -0.400101 0.504058
3.079997 0.690396 0.299384 0.332281 -0.557847 0.523960 -0.399877 0.504351
3.089997 0.690540 0.298882 0.332630 -0.557601 0.524116 -0.399647 0.504644
3.099997 0.690705 0.298335 0.332949 -0.557295 0.524369 -0.399466 0.504863
3.109997 0.690880 0.297638 0.333241 -0.556784 0.525023 -0.399149 0.504998
3.119997 0.690981 0.296952 0.333455 -0.556198 0.525997 -0.398601 0.505063
3.129997 0.691071 0.296152 0.333583 -0.555601 0.527172 -0.397895 0.505051
3.139997 0.691141 0.295348 0.333675 -0.555185 0.528211 -0.397146 0.505012
3.149997 0.691177 0.294539 0.333756 -0.554918 0.529153 -0.396313 0.504975
3.159997 0.691232 0.293626 0.333847 -0.554702 0.530045 -0.395468 0.504939
3.169997 0.691291 0.292780 0.333993 -0.554535 0.530713 -0.394841 0.504911
3.179997 0.691361 0.291865 0.334182 -0.554364 0.531355 -0.394251 0.504885
3.189997 0.691456 0.290819 0.334405 -0.554223 0.531959 -0.393719 0.504819
3.199997 0.691555 0.289812 0.334638 -0.554185 0.532363 -0.393333 0.504736
3.209997 0.691656 0.288777 0.334913 -0.554237 0.532633 -0.393025 0.504633
3.219997 0.691751 0.287656 0.335247 -0.554371 0.532794 -0.392886 0.504424
3.229997 0.691816 0.286706 0.335546 -0.554464 0.532951 -0.392821 0.504207
3.239997 0.691888 0.285691 0.335982 -0.554537 0.533018 -0.392867 0.504020
3.249997 0.691982 0.284788 0.336429 -0.554552 0.532964 -0.393147 0.503841
3.259997 0.692096 0.283926 0.337002 -0.554553 0.532718 -0.393656 0.503704
3.269997 0.692220 0.283144 0.337632 -0.554541 0.532365 -0.394204 0.503661
3.279997 0.692355 0.282372 0.338273 -0.554493 0.532029 -0.394732 0.503657
3.289997 0.692486 0.281594 0.338866 -0.554424 0.531759 -0.395221 0.503634
3.299997 0.692620 0.280695 0.339577 -0.554330 0.531465 -0.395748 0.503633
3.309997 0.692712 0.279885 0.340219 -0.554244 0.531226 -0.396185 0.503637
3.319997 0.692783 0.279000 0.340829 -0.554150 0.531073 -0.396531 0.503630
3.329997 0.692821 0.278158 0.341445 -0.554139 0.530832 -0.396855 0.503640
3.339997 0.692825 0.277379 0.341976 -0.554219 0.530552 -0.397149 0.503615
3.349997 0.692813 0.276588 0.342620 -0.554356 0.530104 -0.397547 0.503623
3.359997 0.692814 0.275913 0.343278 -0.554457 0.529594 -0.397983 0.503703
3.369997 0.692869 0.275158 0.343951 -0.554477 0.529125 -0.398482 0.503780
3.379997 0.692962 0.274378 0.344700 -0.554424 0.528620 -0.399108 0.503874
3.389997 0.693040 0.273639 0.345463 -0.554350 0.528108 -0.399756 0.503978
3.399997 0.693074 0.272999 0.346247 -0.554314 0.527515 -0.400470 0.504071
3.409997 0.693098 0.272383 0.347010 -0.554249 0.526957 -0.401214 0.504135
3.419997 0.693144 0.271733 0.347720 -0.554080 0.526558 -0.401941 0.504159
3.429997 0.693181 0.271114 0.348405 -0.553948 0.526120 -0.402716 0.504143
3.439997 0.693221 0.270412 0.349127 -0.553968 0.525395 -0.403762 0.504039
3.449997 0.693268 0.269836 0.349813 -0.554106 0.524510 -0.404830 0.503953
3.459997 0.693318 0.269229 0.350555 -0.554290 0.523492 -0.406051 0.503827
3.469997 0.693354 0.268694 0.351164 -0.554434 0.522660 -0.407099 0.503686
3.479997 0.693373 0.268149 0.351806 -0.554618 0.521765 -0.408149 0.503562
3.489997 0.693367 0.267616 0.352365 -0.554817 0.520946 -0.409100 0.503419
3.499997 0.693355 0.267087 0.352859 -0.554996 0.520225 -0.409974 0.503255
3.509997 0.693334 0.266515 0.353346 -0.555189 0.519511 -0.410833 0.503080
3.519997 0.693295 0.266015 0.353809 -0.555397 0.518803 -0.411640 0.502921
3.529997 0.693269 0.265505 0.354289 -0.555569 0.518096 -0.412543 0.502720
3.539997 0.693264 0.264942 0.354752 -0.555658 0.517505 -0.413471 0.502468
3.549997 0.693260 0.264442 0.355197 -0.555723 0.516983 -0.414297 0.502253
3.559997 0.693242 0.263949 0.355595 -0.555798 0.516517 -0.415051 0.502027
3.569997 0.693215 0.263437 0.355986 -0.555890 0.516058 -0.415806 0.501772
3.579997 0.693189 0.262948 0.356350 -0.555988 0.515629 -0.416498 0.501531
3.589997 0.693175 0.262443 0.356690 -0.556081 0.515236 -0.417135 0.501303
3.599997 0.693148 0.261846 0.356991 -0.556140 0.514953 -0.417753 0.501013
3.609997 0.693107 0.261278 0.357130 -0.556078 0.515008 -0.418152 0.500693
3.619997 0.693058 0.260667 0.357194 -0.555871 0.515371 -0.418415 0.500329
3.629997 0.692996 0.260102 0.357219 -0.555638 0.515842 -0.418571 0.499972
3.639997 0.692891 0.259476 0.357184 -0.555445 0.516412 -0.418654 0.499527
3.649997 0.692781 0.258871 0.357103 -0.555340 0.516943 -0.418671 0.499082
3.659997 0.692668 0.258157 0.356980 -0.555263 0.517520 -0.418665 0.498572
3.669997 0.692580 0.257437 0.356842 -0.555213 0.518062 -0.418609 0.498112
3.679996 0.692510 0.256704 0.356708 -0.555156 0.518593 -0.418511 0.497706
3.689996 0.692487 0.255809 0.356583 -0.555018 0.519200 -0.418444 0.497283
3.699996 0.692504 0.254912 0.356488 -0.554824 0.519789 -0.418393 0.496928
3.709996 0.692542 0.253936 0.356413 -0.554592 0.520402 -0.418338 0.496592
3.719996 0.692611 0.252975 0.356393 -0.554349 0.520941 -0.418331 0.496303
3.729996 0.692692 0.251973 0.356401 -0.554090 0.521488 -0.418328 0.496020
3.739996 0.692795 0.250991 0.356435 -0.553798 0.522034 -0.418338 0.495764
3.749996 0.692899 0.250031 0.356470 -0.553519 0.522560 -0.418336 0.495522
3.759996 0.692996 0.249072 0.356489 -0.553292 0.523051 -0.418303 0.495286
3.769996 0.693099 0.248145 0.356511 -0.553113 0.523480 -0.418245 0.495082
3.779996 0.693201 0.247281 0.356525 -0.553015 0.523818 -0.418170 0.494897
3.789996 0.693303 0.246483 0.356546 -0.552999 0.524051 -0.418118 0.494712
3.799996 0.693424 0.245462 0.356576 -0.553098 0.524247 -0.418055 0.494447
3.809996 0.693551 0.244419 0.356626 -0.553245 0.524375 -0.418039 0.494161
3.819996 0.693700 0.243320 0.356699 -0.553370 0.524506 -0.418072 0.493854
3.829996 0.693873 0.242100 0.356794 -0.553469 0.524671 -0.418150 0.493502
3.839996 0.694050 0.241041 0.356918 -0.553485 0.524819 -0.418275 0.493219
3.849996 0.694297 0.239587 0.357108 -0.553480 0.525023 -0.418465 0.492847
3.859996 0.694526 0.238337 0.357300 -0.553403 0.525229 -0.418644 0.492562
3.869996 0.694804 0.236920 0.357533 -0.553213 0.525538 -0.418899 0.492228
3.879996 0.695045 0.235678 0.357729 -0.553036 0.525839 -0.419125 0.491914
3.889996 0.695264 0.234441 0.357914 -0.552913 0.526128 -0.419312 0.491583
3.899996 0.695435 0.233288 0.358044 -0.552873 0.526403 -0.419427 0.491236
3.909996 0.695585 0.232156 0.358126 -0.552848 0.526721 -0.419501 0.490860
3.919996 0.695711 0.231086 0.358171 -0.552831 0.527059 -0.419541 0.490482
3.929996 0.695827 0.229994 0.358206 -0.552839 0.527398 -0.419558 0.490093
3.939996 0.695940 0.228948 0.358245 -0.552871 0.527670 -0.419597 0.489731
3.949996 0.696071 0.227918 0.358331 -0.552878 0.527859 -0.419693 0.489437
3.959996 0.696206 0.226892 0.358463 -0.552902 0.527913 -0.419808 0.489252
3.969996 0.696339 0.225930 0.358631 -0.552935 0.527852 -0.419943 0.489167
3.979996 0.696509 0.224791 0.358879 -0.552944 0.527707 -0.420155 0.489130
3.989996 0.696677 0.223609 0.359168 -0.552964 0.527476 -0.420423 0.489126
3.999996 0.696807 0.222507 0.359430 -0.553032 0.527190 -0.420660 0.489154
4.009996 0.696900 0.221502 0.359693 -0.553152 0.526810 -0.420879 0.489239
4.019996 0.696981 0.220497 0.359959 -0.553296 0.526381 -0.421102 0.489346
4.029996 0.697071 0.219527 0.360213 -0.553396 0.526006 -0.421319 0.489449
4.039996 0.697161 0.218574 0.360460 -0.553462 0.525679 -0.421549 0.489528
4.049996 0.697225 0.217680 0.360690 -0.553533 0.525365 -0.421790 0.489578
4.059996 0.697284 0.216762 0.360911 -0.553581 0.525084 -0.422078 0.489576
4.069996 0.697327 0.215977 0.361095 -0.553613 0.524854 -0.422352 0.489550
4.079996 0.697369 0.215165 0.361297 -0.553638 0.524614 -0.422675 0.489500
4.089996 0.697409 0.214341 0.361517 -0.553653 0.524369 -0.423045 0.489427
4.099996 0.697421 0.213618 0.361705 -0.553695 0.524118 -0.423382 0.489356
4.109996 0.697426 0.212925 0.361866 -0.553724 0.523906 -0.423729 0.489250
4.119996 0.697429 0.212276 0.362019 -0.553733 0.523723 -0.424101 0.489113
4.129996 0.697430 0.211683 0.362182 -0.553739 0.523537 -0.424491 0.488969
4.139996 0.697447 0.211097 0.362351 -0.553709 0.523389 -0.424902 0.488804
4.149996 0.697477 0.210459 0.362539 -0.553645 0.523261 -0.425388 0.488590
4.159996 0.697505 0.209884 0.362712 -0.553581 0.523149 -0.425841 0.488388
4.169996 0.697553 0.209244 0.362913 -0.553491 0.523044 -0.426342 0.488165
4.179996 0.697603 0.208587 0.363129 -0.553394 0.522939 -0.426862 0.487933
4.189996 0.697626 0.208117 0.363324 -0.553336 0.522809 -0.427299 0.487756
4.199996 0.697665 0.207560 0.363536 -0.553232 0.522710 -0.427813 0.487529
4.209996 0.697712 0.206899 0.363778 -0.553098 0.522614 -0.428420 0.487251
4.219996 0.697734 0.206400 0.363978 -0.553020 0.522503 -0.428900 0.487036
4.229996 0.697748 0.205933 0.364182 -0.552959 0.522375 -0.429366 0.486832
4.239996 0.697757 0.205459 0.364398 -0.552906 0.522229 -0.429841 0.486630
4.249996 0.697758 0.205034 0.364583 -0.552875 0.522089 -0.430239 0.486463
4.259996 0.697757 0.204607 0.364753 -0.552843 0.521965 -0.430620 0.486296
4.269996 0.697754 0.204192 0.364897 -0.552806 0.521869 -0.430978 0.486124
4.279996 0.697756 0.203665 0.365043 -0.552745 0.521813 -0.431379 0.485897
4.289996 0.697752 0.203113 0.365116 -0.552690 0.521846 -0.431725 0.485617
4.299996 0.697730 0.202464 0.365129 -0.552645 0.521956 -0.432074 0.485238
4.309996 0.697703 0.201729 0.365078 -0.552600 0.522159 -0.432403 0.484779
4.319996 0.697671 0.200848 0.365001 -0.552551 0.522419 -0.432763 0.484233
4.329996 0.697632 0.199886 0.364899 -0.552508 0.522710 -0.433121 0.483647
4.339996 0.697593 0.198896 0.364798 -0.552469 0.522991 -0.433474 0.483072
4.349996 0.697547 0.197839 0.364682 -0.552434 0.523279 -0.433833 0.482477
4.359996 0.697506 0.196957 0.364572 -0.552406 0.523525 -0.434119 0.481985
4.369996 0.697485 0.195854 0.364453 -0.552305 0.523869 -0.434471 0.481410
4.379996 0.697469 0.194812 0.364340 -0.552202 0.524201 -0.434776 0.480890
4.389996 0.697432 0.193838 0.364194 -0.552152 0.524509 -0.434996 0.480414
4.399996 0.697391 0.192887 0.364037 -0.552114 0.524808 -0.435182 0.479961
4.409996 0.697369 0.191984 0.363907 -0.552058 0.525091 -0.435356 0.479559
4.419996 0.697367 0.191090 0.363810 -0.551972 0.525373 -0.435534 0.479188
4.429996 0.697375 0.190167 0.363714 -0.551861 0.525680 -0.435723 0.478807
4.439996 0.697389 0.189209 0.363607 -0.551729 0.526029 -0.435906 0.478409
4.449996 0.697409 0.187978 0.363456 -0.551568 0.526515 -0.436077 0.477903
4.459996 0.697412 0.186920 0.363310 -0.551479 0.526930 -0.436165 0.477468
4.469996 0.697433 0.185777 0.363183 -0.551372 0.527375 -0.436248 0.477024
4.479996 0.697466 0.184460 0.363058 -0.551236 0.527894 -0.436338 0.476526
4.489996 0.697488 0.183111 0.362915 -0.551128 0.528424 -0.436367 0.476035
4.499996 0.697512 0.181813 0.362810 -0.551029 0.528906 -0.436375 0.475608
4.509996 0.697530 0.180462 0.362717 -0.550944 0.529376 -0.436362 0.475195
4.519996 0.697544 0.178985 0.362626 -0.550874 0.529856 -0.436309 0.474789
4.529996 0.697555 0.177658 0.362563 -0.550826 0.530247 -0.436235 0.474477
4.539996 0.697571 0.176302 0.362513 -0.550775 0.530608 -0.436163 0.474199
4.549996 0.697587 0.175518 0.362496 -0.550735 0.530805 -0.436125 0.474058
4.559996 0.697648 0.173653 0.362501 -0.550574 0.531270 -0.436086 0.473762
4.569996 0.697704 0.172398 0.362529 -0.550441 0.531568 -0.436076 0.473590
4.579996 0.697769 0.171085 0.362572 -0.550287 0.531884 -0.436082 0.473409
4.589996 0.697837 0.169838 0.362632 -0.550112 0.532199 -0.436122 0.473222
4.599996 0.697904 0.168655 0.362680 -0.549924 0.532517 -0.436175 0.473034
4.609996 0.697971 0.167405 0.362723 -0.549693 0.532855 -0.436270 0.472834
4.619996 0.698015 0.166210 0.362738 -0.549496 0.533119 -0.436345 0.472696
4.629996 0.698021 0.165182 0.362707 -0.549381 0.533283 -0.436364 0.472627
4.639996 0.697983 0.163962 0.362635 -0.549328 0.533386 -0.436327 0.472607
4.649996 0.697908 0.162822 0.362510 -0.549328 0.533466 -0.436257 0.472581
4.659996 0.697816 0.161709 0.362341 -0.549329 0.533572 -0.436215 0.472499
4.669996 0.697691 0.160448 0.362117 -0.549322 0.533721 -0.436205 0.472347
4.679996 0.697551 0.159316 0.361892 -0.549345 0.533836 -0.436206 0.472191
4.689996 0.697395 0.158163 0.361648 -0.549373 0.533955 -0.436223 0.472006
4.699996 0.697268 0.157041 0.361427 -0.549339 0.534126 -0.436299 0.471782
4.709996 0.697150 0.155926 0.361212 -0.549288 0.534314 -0.436381 0.471555
4.719995 0.697026 0.154895 0.360996 -0.549267 0.534470 -0.436420 0.471365
4.729995 0.696887 0.153828 0.360788 -0.549258 0.534607 -0.436467 0.471177
4.739995 0.696757 0.152970 0.360625 -0.549276 0.534684 -0.436499 0.471039
4.749995 0.696595 0.152079 0.360430 -0.549336 0.534737 -0.436512 0.470898
4.759995 0.696436 0.151226 0.360257 -0.549391 0.534776 -0.436551 0.470751
4.769995 0.696278 0.150529 0.360083 -0.549450 0.534815 -0.436584 0.470609
4.779995 0.696098 0.149925 0.359828 -0.549500 0.534915 -0.436632 0.470391
4.789995 0.695943 0.149320 0.359571 -0.549467 0.535107 -0.436804 0.470051
4.799995 0.695791 0.148838 0.359326 -0.549455 0.535269 -0.436986 0.469713
4.809995 0.695615 0.148478 0.359046 -0.549503 0.535390 -0.437123 0.469390
4.819995 0.695427 0.148173 0.358758 -0.549580 0.535484 -0.437249 0.469076
4.829995 0.695225 0.147896 0.358457 -0.549679 0.535564 -0.437367 0.468759
4.839995 0.695072 0.147703 0.358221 -0.549758 0.535625 -0.437442 0.468526
4.849995 0.694827 0.147357 0.357841 -0.549874 0.535737 -0.437575 0.468138
4.859995 0.694628 0.147078 0.357531 -0.549970 0.535826 -0.437678 0.467825
4.869995 0.694422 0.146787 0.357211 -0.550069 0.535919 -0.437787 0.467501
4.879995 0.694213 0.146492 0.356901 -0.550168 0.536003 -0.437911 0.467172
4.889995 0.694007 0.146190 0.356610 -0.550265 0.536073 -0.438051 0.466846
4.899995 0.693802 0.145878 0.356335 -0.550358 0.536136 -0.438210 0.466515
4.909995 0.693600 0.145567 0.356067 -0.550446 0.536200 -0.438366 0.466191
4.919995 0.693428 0.145300 0.355850 -0.550523 0.536243 -0.438508 0.465917
4.929995 0.693255 0.144960 0.355630 -0.550572 0.536315 -0.438685 0.465609
4.939995 0.693100 0.144551 0.355423 -0.550585 0.536418 -0.438879 0.465292
4.949995 0.692940 0.144027 0.355201 -0.550567 0.536562 -0.439122 0.464919
4.959995 0.692800 0.143487 0.355012 -0.550530 0.536704 -0.439377 0.464558
4.969995 0.692641 0.142812 0.354793 -0.550467 0.536888 -0.439684 0.464129
4.979995 0.692479 0.142069 0.354565 -0.550384 0.537102 -0.439993 0.463686
4.989995 0.692299 0.141238 0.354301 -0.550294 0.537347 -0.440311 0.463207
4.999995 0.692121 0.140410 0.354044 -0.550208 0.537587 -0.440607 0.462749
5.009995 0.691920 0.139476 0.353753 -0.550119 0.537850 -0.440914 0.462257
5.019995 0.691717 0.138497 0.353465 -0.550028 0.538111 -0.441210 0.461778
5.029995 0.691504 0.137471 0.353164 -0.549940 0.538385 -0.441484 0.461302
5.039995 0.691290 0.136427 0.352844 -0.549855 0.538669 -0.441729 0.460837
5.049995 0.691085 0.135363 0.352537 -0.549757 0.538961 -0.441958 0.460392
5.059995 0.690889 0.134254 0.352244 -0.549631 0.539278 -0.442179 0.459960
5.069995 0.690691 0.133115 0.351944 -0.549502 0.539601 -0.442389 0.459532
5.079995 0.690506 0.132060 0.351658 -0.549383 0.539907 -0.442567 0.459144
5.089995 0.690354 0.131117 0.351420 -0.549259 0.540191 -0.442720 0.458811
5.099995 0.690207 0.130037 0.351184 -0.549085 0.540528 -0.442886 0.458462
5.109995 0.690080 0.128977 0.350991 -0.548897 0.540853 -0.443034 0.458160
5.119995 0.689971 0.127882 0.350850 -0.548699 0.541157 -0.443178 0.457900
5.129995 0.689871 0.126667 0.350758 -0.548498 0.541436 -0.443313 0.457679
5.139995 0.689790 0.125521 0.350724 -0.548315 0.541664 -0.443428 0.457517
5.149995 0.689709 0.124278 0.350729 -0.548126 0.541875 -0.443547 0.457379
5.159995 0.689622 0.122713 0.350769 -0.547878 0.542139 -0.443691 0.457225
5.169995 0.689562 0.121417 0.350809 -0.547649 0.542387 -0.443812 0.457087
5.179995 0.689507 0.119774 0.350903 -0.547338 0.542697 -0.443972 0.456936
5.189995 0.689484 0.118344 0.351023 -0.547039 0.542973 -0.444124 0.456818
5.199995 0.689481 0.116808 0.351151 -0.546659 0.543339 -0.444308 0.456659
5.209995 0.689489 0.115306 0.351284 -0.546260 0.543730 -0.444480 0.456503
5.219995 0.689487 0.113901 0.351404 -0.545888 0.544119 -0.444600 0.456368
5.229995 0.689466 0.112615 0.351483 -0.545564 0.544508 -0.444659 0.456234
5.239995 0.689434 0.111241 0.351533 -0.545243 0.544952 -0.444622 0.456124
5.249995 0.689400 0.110103 0.351552 -0.544994 0.545348 -0.444510 0.456056
5.259995 0.689364 0.108942 0.351554 -0.544730 0.545780 -0.444398 0.455965
5.269995 0.689349 0.107822 0.351554 -0.544460 0.546163 -0.444315 0.455910
5.279995 0.689348 0.106868 0.351568 -0.544234 0.546437 -0.444266 0.455898
5.289995 0.689348 0.105814 0.351593 -0.543994 0.546706 -0.444242 0.455886
5.299995 0.689347 0.104725 0.351595 -0.543720 0.547010 -0.444234 0.455856
5.309995 0.689332 0.103698 0.351549 -0.543464 0.547323 -0.444213 0.455806
5.319995 0.689305 0.102678 0.351481 -0.543214 0.547641 -0.444197 0.455737
5.329995 0.689256 0.101647 0.351371 -0.542976 0.547978 -0.444159 0.455653
5.339995 0.689187 0.100542 0.351217 -0.542728 0.548355 -0.444097 0.455554
5.349995 0.689111 0.099578 0.351056 -0.542521 0.548691 -0.444020 0.455473
5.359995 0.689036 0.098744 0.350891 -0.542342 0.548999 -0.443953 0.455379
5.369995 0.688950 0.097711 0.350687 -0.542080 0.549416 -0.443933 0.455208
5.379995 0.688866 0.096860 0.350507 -0.541864 0.549768 -0.443925 0.455048
5.389995 0.688768 0.096067 0.350309 -0.541682 0.550095 -0.443896 0.454898
5.399995 0.688676 0.095319 0.350123 -0.541506 0.550409 -0.443880 0.454745
5.409995 0.688580 0.094606 0.349930 -0.541341 0.550717 -0.443841 0.454607
5.419995 0.688490 0.093991 0.349755 -0.541205 0.550981 -0.443796 0.454492
5.429995 0.688390 0.093383 0.349561 -0.541077 0.551251 -0.443753 0.454358
5.439995 0.688247 0.092919 0.349259 -0.541026 0.551510 -0.443673 0.454183
5.449995 0.688097 0.092591 0.348932 -0.541012 0.551747 -0.443602 0.453981
5.459995 0.687939 0.092290 0.348601 -0.541002 0.551987 -0.443544 0.453758
5.469995 0.687744 0.092076 0.348193 -0.541053 0.552214 -0.443435 0.453526
5.479995 0.687523 0.091971 0.347731 -0.541170 0.552409 -0.443281 0.453300
5.489995 0.687300 0.091904 0.347274 -0.541308 0.552582 -0.443123 0.453080
5.499995 0.687027 0.091828 0.346713 -0.541478 0.552789 -0.442926 0.452815
5.509995 0.686763 0.091744 0.346189 -0.541637 0.552981 -0.442755 0.452559
5.519995 0.686495 0.091633 0.345676 -0.541790 0.553171 -0.442606 0.452289
5.529995 0.686202 0.091505 0.345123 -0.541957 0.553372 -0.442453 0.451992
5.539995 0.685888 0.091383 0.344537 -0.542146 0.553572 -0.442286 0.451685
5.549995 0.685589 0.091259 0.344003 -0.542324 0.553748 -0.442142 0.451396
5.559995 0.685280 0.091108 0.343478 -0.542502 0.553916 -0.442025 0.451091
5.569995 0.684994 0.090963 0.342999 -0.542666 0.554064 -0.441930 0.450804
5.579995 0.684724 0.090814 0.342551 -0.542818 0.554204 -0.441849 0.450528
5.589995 0.684468 0.090637 0.342134 -0.542949 0.554344 -0.441789 0.450258
5.599995 0.684213 0.090337 0.341723 -0.543023 0.554536 -0.441778 0.449943
5.609995 0.683977 0.089913 0.341363 -0.543027 0.554761 -0.441839 0.449600
5.619995 0.683736 0.089405 0.341016 -0.543006 0.555002 -0.441950 0.449218
5.629995 0.683474 0.088775 0.340644 -0.542951 0.555290 -0.442107 0.448774
5.639995 0.683215 0.088069 0.340291 -0.542861 0.555602 -0.442290 0.448317
5.649995 0.682920 0.087183 0.339906 -0.542728 0.555975 -0.442516 0.447792
5.659995 0.682635 0.086325 0.339554 -0.542600 0.556322 -0.442732 0.447302
5.669995 0.682318 0.085387 0.339191 -0.542473 0.556672 -0.442970 0.446785
5.679995 0.681997 0.084472 0.338859 -0.542370 0.556977 -0.443201 0.446301
5.689995 0.681660 0.083514 0.338546 -0.542277 0.557255 -0.443448 0.445820
5.699995 0.681359 0.082611 0.338267 -0.542168 0.557529 -0.443679 0.445381
5.709995 0.681015 0.081543 0.337956 -0.542019 0.557861 -0.443945 0.444881
5.719995 0.680744 0.080688 0.337726 -0.541897 0.558121 -0.444144 0.444505
5.729995 0.680438 0.079679 0.337488 -0.541742 0.558417 -0.444376 0.444091
5.739995 0.680150 0.078732 0.337260 -0.541597 0.558698 -0.444575 0.443714
5.749995 0.679890 0.077868 0.337054 -0.541470 0.558948 -0.444743 0.443386
5.759995 0.679638 0.076995 0.336845 -0.541323 0.559222 -0.444915 0.443047
5.769994 0.679410 0.076121 0.336658 -0.541137 0.559520 -0.445107 0.442705
5.779994 0.679209 0.075221 0.336521 -0.540918 0.559820 -0.445311 0.442388
5.789994 0.679014 0.074262 0.336436 -0.540683 0.560102 -0.445519 0.442109
5.799994 0.678847 0.073311 0.336390 -0.540444 0.560364 -0.445712 0.441875
5.809994 0.678686 0.072190 0.336388 -0.540146 0.560655 -0.445939 0.441642
5.819994 0.678549 0.071049 0.336425 -0.539837 0.560931 -0.446160 0.441444
5.829994 0.678426 0.069789 0.336499 -0.539479 0.561234 -0.446404 0.441252
5.839994 0.678321 0.068533 0.336591 -0.539102 0.561542 -0.446641 0.441080
5.849994 0.678223 0.067198 0.336718 -0.538683 0.561869 -0.446895 0.440917
5.859994 0.678143 0.065834 0.336890 -0.538246 0.562185 -0.447156 0.440785
5.869994 0.678066 0.064305 0.337076 -0.537721 0.562574 -0.447455 0.440624
5.879994 0.678002 0.062952 0.337243 -0.537259 0.562919 -0.447680 0.440519
5.889994 0.677942 0.061680 0.337409 -0.536835 0.563230 -0.447848 0.440468
5.899994 0.677875 0.060505 0.337545 -0.536453 0.563519 -0.447974 0.440436
5.909994 0.677807 0.059410 0.337665 -0.536107 0.563785 -0.448049 0.440441
5.919994 0.677727 0.058309 0.337754 -0.535776 0.564059 -0.448066 0.440474
5.929994 0.677645 0.057301 0.337823 -0.535474 0.564318 -0.448073 0.440503
5.939994 0.677552 0.056326 0.337867 -0.535189 0.564576 -0.448054 0.440538
5.949994 0.677457 0.055428 0.337887 -0.534928 0.564827 -0.448020 0.440568
5.959994 0.677368 0.054613 0.337882 -0.534677 0.565084 -0.448011 0.440553
5.969994 0.677262 0.053754 0.337832 -0.534406 0.565389 -0.448014 0.440488
5.979994 0.677144 0.052824 0.337747 -0.534103 0.565748 -0.448026 0.440382
5.989994 0.677031 0.051968 0.337650 -0.533821 0.566093 -0.448044 0.440261
5.999994 0.676905 0.051110 0.337519 -0.533544 0.566455 -0.448055 0.440121
6.009994 0.676780 0.050280 0.337383 -0.533277 0.566810 -0.448066 0.439977
6.019994 0.676667 0.049525 0.337251 -0.533026 0.567146 -0.448081 0.439830
6.029994 0.676567 0.048799 0.337131 -0.532766 0.567483 -0.448122 0.439671
6.039994 0.676465 0.048114 0.337010 -0.532521 0.567803 -0.448164 0.439511
6.049994 0.676363 0.047468 0.336892 -0.532298 0.568100 -0.448195 0.439366
6.059994 0.676273 0.046941 0.336783 -0.532118 0.568348 -0.448223 0.439234
6.069994 0.676176 0.046347 0.336662 -0.531906 0.568636 -0.448261 0.439080
6.079994 0.676086 0.045836 0.336554 -0.531727 0.568883 -0.448287 0.438950
6.089994 0.675998 0.045389 0.336447 -0.531569 0.569107 -0.448314 0.438823
6.099994 0.675903 0.045016 0.336305 -0.531448 0.569320 -0.448329 0.438679
6.109994 0.675817 0.044807 0.336149 -0.531399 0.569469 -0.448317 0.438556
6.119994 0.675718 0.044653 0.335960 -0.531389 0.569603 -0.448283 0.438431
6.129994 0.675614 0.044587 0.335761 -0.531421 0.569704 -0.448217 0.438328
6.139994 0.675508 0.044592 0.335545 -0.531490 0.569779 -0.448125 0.438239
6.149994 0.675387 0.044625 0.335310 -0.531584 0.569844 -0.448023 0.438146
6.159994 0.675250 0.044656 0.335050 -0.531685 0.569918 -0.447912 0.438041
6.169994 0.675160 0.044666 0.334877 -0.531746 0.569973 -0.447841 0.437967
6.179994 0.674999 0.044648 0.334578 -0.531843 0.570074 -0.447738 0.437823
6.189994 0.674814 0.044592 0.334249 -0.531941 0.570194 -0.447646 0.437642
6.199994 0.674630 0.044502 0.333938 -0.532029 0.570309 -0.447583 0.437449
6.209994 0.674466 0.044412 0.333681 -0.532101 0.570403 -0.447550 0.437273
6.219994 0.674295 0.044311 0.333428 -0.532177 0.570491 -0.447531 0.437086
6.229994 0.674114 0.044193 0.333171 -0.532252 0.570579 -0.447528 0.436883
6.239994 0.673919 0.044060 0.332903 -0.532328 0.570673 -0.447529 0.436666
6.249994 0.673732 0.043916 0.332641 -0.532391 0.570777 -0.447525 0.436457
6.259994 0.673561 0.043761 0.332406 -0.532436 0.570881 -0.447531 0.436260
6.269994 0.673394 0.043546 0.332191 -0.532452 0.571000 -0.447565 0.436051
6.279994 0.673215 0.043211 0.331969 -0.532445 0.571146 -0.447641 0.435789
6.289994 0.673025 0.042776 0.331753 -0.532461 0.571270 -0.447777 0.435468
6.299994 0.672831 0.042282 0.331544 -0.532497 0.571371 -0.447953 0.435110
6.309994 0.672640 0.041720 0.331345 -0.532514 0.571484 -0.448160 0.434726
6.319994 0.672420 0.040982 0.331116 -0.532489 0.571657 -0.448423 0.434259
6.329994 0.672229 0.040263 0.330920 -0.532433 0.571836 -0.448677 0.433829
6.339994 0.672028 0.039477 0.330723 -0.532340 0.572052 -0.448948 0.433377
6.349994 0.671817 0.038623 0.330524 -0.532200 0.572310 -0.449241 0.432906
6.359994 0.671589 0.037654 0.330325 -0.531995 0.572628 -0.449564 0.432401
6.369994 0.671378 0.036702 0.330158 -0.531753 0.572961 -0.449874 0.431935
6.379994 0.671143 0.035624 0.329977 -0.531453 0.573358 -0.450208 0.431429
6.389994 0.670912 0.034539 0.329802 -0.531126 0.573776 -0.450525 0.430946
6.399994 0.670684 0.033438 0.329621 -0.530766 0.574230 -0.450818 0.430477
6.409994 0.670475 0.032404 0.329459 -0.530408 0.574668 -0.451079 0.430060
6.419994 0.670283 0.031417 0.329320 -0.530053 0.575089 -0.451318 0.429684
6.429994 0.670076 0.030356 0.329188 -0.529683 0.575521 -0.451572 0.429296
6.439994 0.669861 0.029170 0.329090 -0.529351 0.575897 -0.451839 0.428920
6.449994 0.669639 0.027952 0.329060 -0.529155 0.576097 -0.452059 0.428660
6.459994 0.669431 0.026921 0.329082 -0.529151 0.576079 -0.452158 0.428585
6.469994 0.669228 0.025779 0.329147 -0.529105 0.576072 -0.452276 0.428528
6.479994 0.669008 0.024422 0.329259 -0.528952 0.576141 -0.452401 0.428491
6.489994 0.668819 0.023227 0.329362 -0.528766 0.576254 -0.452471 0.428495
6.499994 0.668603 0.021805 0.329503 -0.528489 0.576429 -0.452571 0.428495
6.509994 0.668377 0.020314 0.329666 -0.528173 0.576625 -0.452671 0.428515
6.519994 0.668157 0.018883 0.329825 -0.527862 0.576821 -0.452734 0.428569
6.529994 0.667941 0.017436 0.329986 -0.527506 0.577053 -0.452816 0.428608
6.539994 0.667748 0.016091 0.330145 -0.527155 0.577280 -0.452897 0.428648
6.549994 0.667540 0.014623 0.330317 -0.526765 0.577534 -0.452943 0.428738
6.559994 0.667341 0.013257 0.330457 -0.526417 0.577771 -0.452914 0.428877
6.569994 0.667175 0.012094 0.330582 -0.526126 0.577964 -0.452847 0.429044
6.579994 0.666993 0.010773 0.330727 -0.525788 0.578189 -0.452754 0.429253
6.589994 0.666851 0.009684 0.330828 -0.525491 0.578403 -0.452681 0.429405
6.599994 0.666717 0.008639 0.330902 -0.525191 0.578636 -0.452617 0.429527
6.609994 0.666589 0.007560 0.330964 -0.524856 0.578907 -0.452585 0.429604
6.619994 0.666483 0.006641 0.330992 -0.524538 0.579185 -0.452585 0.429617
6.629994 0.666373 0.005742 0.330987 -0.524220 0.579482 -0.452595 0.429595
6.639994 0.666264 0.004900 0.330961 -0.523912 0.579779 -0.452622 0.429541
6.649994 0.666152 0.004149 0.330912 -0.523642 0.580058 -0.452652 0.429462
6.659994 0.666020 0.003343 0.330838 -0.523363 0.580359 -0.452675 0.429373
6.669994 0.665890 0.002619 0.330754 -0.523116 0.580636 -0.452696 0.429277
6.679994 0.665758 0.001959 0.330657 -0.522897 0.580896 -0.452694 0.429192
6.689994 0.665644 0.001478 0.330558 -0.522757 0.581088 -0.452656 0.429144
6.699994 0.665542 0.001049 0.330475 -0.522628 0.581257 -0.452627 0.429104
6.709994 0.665428 0.000594 0.330385 -0.522484 0.581443 -0.452608 0.429046
6.719994 0.665320 0.000229 0.330289 -0.522388 0.581591 -0.452553 0.429020
6.729994 0.665222 -0.000056 0.330190 -0.522323 0.581711 -0.452494 0.428998
6.739994 0.665134 -0.000319 0.330096 -0.522259 0.581830 -0.452449 0.428964
6.749994 0.665070 -0.000507 0.330025 -0.522211 0.581918 -0.452414 0.428939
6.759994 0.664961 -0.000814 0.329899 -0.522136 0.582066 -0.452370 0.428876
6.769994 0.664879 -0.001012 0.329795 -0.522094 0.582171 -0.452338 0.428819
6.779994 0.664775 -0.001196 0.329635 -0.522069 0.582296 -0.452283 0.428737
6.789994 0.664685 -0.001329 0.329489 -0.522058 0.582400 -0.452240 0.428655
6.799994 0.664577 -0.001435 0.329297 -0.522066 0.582515 -0.452186 0.428547
6.809994 0.664459 -0.001508 0.329072 -0.522103 0.582627 -0.452114 0.428425
6.819993 0.664328 -0.001572 0.328817 -0.522150 0.582749 -0.452024 0.428297
6.829993 0.664184 -0.001625 0.328540 -0.522215 0.582868 -0.451925 0.428159
6.839993 0.664040 -0.001696 0.328264 -0.522284 0.582983 -0.451834 0.428013
6.849993 0.663876 -0.001776 0.327951 -0.522362 0.583116 -0.451733 0.427845
6.859993 0.663726 -0.001838 0.327662 -0.522421 0.583250 -0.451628 0.427701
6.869993 0.663572 -0.001905 0.327367 -0.522476 0.583389 -0.451523 0.427554
6.879993 0.663428 -0.001972 0.327092 -0.522529 0.583516 -0.451430 0.427416
6.889993 0.663284 -0.002044 0.326822 -0.522586 0.583638 -0.451343 0.427271
6.899993 0.663151 -0.002118 0.326578 -0.522647 0.583741 -0.451271 0.427131
6.909993 0.663006 -0.002206 0.326308 -0.522719 0.583851 -0.451190 0.426978
6.919993 0.662892 -0.002306 0.326095 -0.522759 0.583953 -0.451137 0.426846
6.929993 0.662773 -0.002432 0.325875 -0.522790 0.584068 -0.451087 0.426702
6.939993 0.662641 -0.002623 0.325639 -0.522801 0.584211 -0.451054 0.426529
6.949993 0.662508 -0.002868 0.325405 -0.522799 0.584365 -0.451043 0.426333
6.959993 0.662392 -0.003142 0.325208 -0.522777 0.584513 -0.451060 0.426139
6.969993 0.662249 -0.003556 0.324969 -0.522733 0.584705 -0.451115 0.425870
6.979993 0.662107 -0.004041 0.324742 -0.522666 0.584905 -0.451211 0.425576
6.989993 0.661976 -0.004563 0.324546 -0.522586 0.585097 -0.451336 0.425278
6.999993 0.661825 -0.005191 0.324325 -0.522488 0.585325 -0.451484 0.424926
7.009993 0.661665 -0.005895 0.324096 -0.522360 0.585584 -0.451653 0.424548
7.019993 0.661543 -0.006490 0.323922 -0.522221 0.585812 -0.451800 0.424249
7.029993 0.661373 -0.007363 0.323669 -0.521965 0.586195 -0.451988 0.423835
7.039993 0.661241 -0.008092 0.323478 -0.521717 0.586532 -0.452139 0.423512
7.049993 0.661112 -0.008892 0.323306 -0.521424 0.586894 -0.452318 0.423180
7.059993 0.660991 -0.009582 0.323152 -0.521182 0.587209 -0.452465 0.422885
7.069993 0.660855 -0.010416 0.322997 -0.520876 0.587579 -0.452654 0.422544
7.079993 0.660738 -0.011179 0.322870 -0.520595 0.587911 -0.452825 0.422245
7.089993 0.660616 -0.011964 0.322749 -0.520300 0.588257 -0.453002 0.421937
7.099993 0.660508 -0.012712 0.322654 -0.520023 0.588569 -0.453182 0.421651
7.109993 0.660401 -0.013512 0.322580 -0.519730 0.588882 -0.453382 0.421360
7.119993 0.660269 -0.014484 0.322516 -0.519414 0.589214 -0.453606 0.421043
7.129993 0.660142 -0.015471 0.322487 -0.519113 0.589510 -0.453806 0.420784
7.139993 0.659998 -0.016618 0.322470 -0.518782 0.589829 -0.454025 0.420509
7.149993 0.659843 -0.017888 0.322463 -0.518433 0.590159 -0.454246 0.420239
7.159993 0.659658 -0.019390 0.322472 -0.518028 0.590531 -0.454449 0.419996
7.169993 0.659494 -0.020613 0.322494 -0.517741 0.590787 -0.454515 0.419918
7.179993 0.659321 -0.021967 0.322566 -0.517425 0.591031 -0.454546 0.419930
7.189993 0.659145 -0.023483 0.322660 -0.516947 0.591406 -0.454666 0.419861
7.199993 0.658968 -0.024956 0.322717 -0.516446 0.591820 -0.454783 0.419768
7.209993 0.658793 -0.026294 0.322789 -0.516023 0.592159 -0.454727 0.419871
7.219993 0.658643 -0.027260 0.322872 -0.515831 0.592282 -0.454437 0.420247
7.229993 0.658462 -0.028465 0.322988 -0.515506 0.592489 -0.454261 0.420543
7.239993 0.658301 -0.029706 0.323094 -0.515081 0.592791 -0.454245 0.420657
7.249993 0.658126 -0.031080 0.323180 -0.514586 0.593174 -0.454247 0.420720
7.259993 0.657961 -0.032385 0.323256 -0.514106 0.593544 -0.454267 0.420765
7.269993 0.657816 -0.033615 0.323355 -0.513609 0.593914 -0.454394 0.420711
7.279993 0.657675 -0.034780 0.323407 -0.513109 0.594319 -0.454562 0.420568
7.289993 0.657505 -0.036038 0.323414 -0.512568 0.594785 -0.454762 0.420352
7.299993 0.657343 -0.037130 0.323401 -0.512089 0.595209 -0.454974 0.420107
7.309993 0.657174 -0.038202 0.323369 -0.511606 0.595650 -0.455189 0.419838
7.319993 0.657000 -0.039185 0.323300 -0.511172 0.596069 -0.455363 0.419581
7.329993 0.656826 -0.040107 0.323213 -0.510772 0.596473 -0.455531 0.419312
7.339993 0.656675 -0.040822 0.323105 -0.510462 0.596810 -0.455643 0.419089
7.349993 0.656522 -0.041503 0.322981 -0.510166 0.597143 -0.455743 0.418866
7.359993 0.656371 -0.042165 0.322862 -0.509872 0.597473 -0.455861 0.418626
7.369993 0.656222 -0.042791 0.322734 -0.509592 0.597794 -0.455972 0.418387
7.379993 0.656088 -0.043270 0.322597 -0.509387 0.598056 -0.456038 0.418190
7.389993 0.655967 -0.043678 0.322475 -0.509218 0.598278 -0.456097 0.418013
7.399993 0.655853 -0.044034 0.322352 -0.509080 0.598475 -0.456145 0.417848
7.409993 0.655754 -0.044322 0.322233 -0.508973 0.598641 -0.456174 0.417709
7.419993 0.655652 -0.044600 0.322100 -0.508876 0.598808 -0.456197 0.417564
7.429993 0.655566 -0.044793 0.321977 -0.508817 0.598935 -0.456200 0.417449
7.439993 0.655477 -0.044954 0.321838 -0.508774 0.599059 -0.456186 0.417339
7.449993 0.655388 -0.045057 0.321684 -0.508761 0.599166 -0.456151 0.417240
7.459993 0.655301 -0.045112 0.321532 -0.508772 0.599250 -0.456102 0.417159
7.469993 0.655191 -0.045146 0.321325 -0.508805 0.599351 -0.456021 0.417063
7.479993 0.655095 -0.045155 0.321143 -0.508845 0.599431 -0.455942 0.416984
7.489993 0.654984 -0.045167 0.320937 -0.508889 0.599522 -0.455855 0.416894
7.499993 0.654867 -0.045192 0.320723 -0.508931 0.599621 -0.455769 0.416797
7.509993 0.654767 -0.045220 0.320540 -0.508964 0.599707 -0.455696 0.416712
7.519993 0.654668 -0.045235 0.320357 -0.509002 0.599789 -0.455619 0.416631
7.529993 0.654572 -0.045248 0.320177 -0.509039 0.599869 -0.455544 0.416552
7.539993 0.654482 -0.045263 0.320010 -0.509072 0.599944 -0.455476 0.416478
