# t x y z qx qy qz qw
0.000000 0.680439 0.350401 0.278489 -0.578645 0.534203 -0.405451 0.464119
0.010000 0.680478 0.350486 0.278482 -0.578724 0.534242 -0.405110 0.464273
0.020000 0.680517 0.350570 0.278476 -0.578803 0.534282 -0.404769 0.464427
0.030000 0.680557 0.350655 0.278469 -0.578882 0.534321 -0.404427 0.464580
0.040000 0.680596 0.350740 0.278463 -0.578961 0.534360 -0.404086 0.464734
0.050000 0.680599 0.350744 0.278462 -0.578965 0.534362 -0.404068 0.464742
0.060000 0.680599 0.350744 0.278462 -0.578965 0.534362 -0.404068 0.464742
0.070000 0.680599 0.350744 0.278462 -0.578965 0.534362 -0.404068 0.464743
0.080000 0.680261 0.351020 0.278574 -0.578906 0.533816 -0.403578 0.465868
0.090000 0.679687 0.351491 0.278765 -0.578803 0.532885 -0.402743 0.467781
0.100000 0.679113 0.351961 0.278955 -0.578696 0.531952 -0.401906 0.469691
0.110000 0.678540 0.352431 0.279146 -0.578587 0.531015 -0.401067 0.471599
0.120000 0.678221 0.352689 0.279267 -0.578544 0.530512 -0.400467 0.472727
0.130000 0.678212 0.352690 0.279304 -0.578584 0.530537 -0.400161 0.472909
0.140000 0.678203 0.352692 0.279341 -0.578624 0.530561 -0.399854 0.473092
0.150000 0.678194 0.352693 0.279378 -0.578663 0.530586 -0.399548 0.473274
0.160000 0.678200 0.352692 0.279353 -0.578637 0.530569 -0.399756 0.473150
0.170000 0.678221 0.352689 0.279267 -0.578544 0.530511 -0.400472 0.472724
0.180000 0.678212 0.352690 0.279303 -0.578583 0.530536 -0.400166 0.472906
0.190000 0.678203 0.352692 0.279340 -0.578623 0.530561 -0.399859 0.473089
0.200000 0.678194 0.352693 0.279377 -0.578663 0.530585 -0.399553 0.473271
0.210000 0.678188 0.352694 0.279404 -0.578692 0.530603 -0.399328 0.473405
0.220000 0.678188 0.352694 0.279404 -0.578693 0.530603 -0.399328 0.473405
0.230000 0.678188 0.352694 0.279404 -0.578693 0.530603 -0.399328 0.473405
0.240000 0.678187 0.352693 0.279404 -0.578693 0.530603 -0.399327 0.473405
0.250000 0.678696 0.352789 0.279382 -0.578325 0.530791 -0.398995 0.473924
0.260000 0.679233 0.352890 0.279358 -0.577936 0.530989 -0.398642 0.474474
0.270000 0.679771 0.352990 0.279335 -0.577546 0.531187 -0.398290 0.475022
0.280000 0.680308 0.353091 0.279311 -0.577156 0.531384 -0.397937 0.475571
0.290000 0.680427 0.353052 0.279387 -0.577102 0.531355 -0.397794 0.475789
0.300000 0.680416 0.352970 0.279494 -0.577150 0.531257 -0.397714 0.475906
0.310000 0.680406 0.352888 0.279601 -0.577199 0.531158 -0.397635 0.476023
0.320000 0.680396 0.352805 0.279708 -0.577248 0.531060 -0.397556 0.476141
0.330000 0.680423 0.353023 0.279425 -0.577119 0.531320 -0.397765 0.475831
0.340000 0.680426 0.353051 0.279389 -0.577103 0.531354 -0.397793 0.475791
0.350000 0.680416 0.352969 0.279495 -0.577151 0.531255 -0.397713 0.475908
0.360000 0.680406 0.352886 0.279602 -0.577200 0.531157 -0.397634 0.476025
0.370000 0.680396 0.352804 0.279709 -0.577248 0.531059 -0.397555 0.476142
0.380000 0.680392 0.352772 0.279750 -0.577267 0.531021 -0.397524 0.476188
0.390000 0.680392 0.352772 0.279750 -0.577267 0.531021 -0.397524 0.476188
0.400000 0.680392 0.352772 0.279750 -0.577267 0.531021 -0.397524 0.476187
0.410000 0.680259 0.352677 0.279715 -0.577415 0.530781 -0.397738 0.476097
0.420000 0.679793 0.352344 0.279593 -0.577932 0.529942 -0.398484 0.475780
0.430000 0.679327 0.352010 0.279470 -0.578448 0.529102 -0.399230 0.475462
0.440000 0.678861 0.351677 0.279348 -0.578963 0.528261 -0.399975 0.475144
0.450000 0.678443 0.351380 0.279248 -0.579432 0.527499 -0.400624 0.474872
0.460000 0.678416 0.351379 0.279333 -0.579519 0.527395 -0.400484 0.475000
0.470000 0.678390 0.351377 0.279418 -0.579607 0.527291 -0.400343 0.475127
0.480000 0.678363 0.351376 0.279503 -0.579694 0.527187 -0.400202 0.475254
0.490000 0.678336 0.351375 0.279589 -0.579782 0.527083 -0.400062 0.475381
0.500000 0.678443 0.351380 0.279246 -0.579429 0.527500 -0.400629 0.474871
0.510000 0.678416 0.351379 0.279332 -0.579517 0.527396 -0.400488 0.474998
0.520000 0.678390 0.351378 0.279417 -0.579604 0.527292 -0.400347 0.475125
0.529999 0.678363 0.351377 0.279502 -0.579692 0.527188 -0.400206 0.475253
0.539999 0.678337 0.351376 0.279587 -0.579779 0.527084 -0.400066 0.475380
0.549999 0.678335 0.351376 0.279594 -0.579785 0.527076 -0.400055 0.475390
0.559999 0.678335 0.351376 0.279594 -0.579785 0.527076 -0.400056 0.475390
0.569999 0.678334 0.351376 0.279594 -0.579785 0.527076 -0.400056 0.475390
0.579999 0.679754 0.351980 0.278601 -0.578880 0.530079 -0.397968 0.474906
0.589999 0.679766 0.351929 0.278712 -0.578906 0.530016 -0.397859 0.475037
0.599999 0.679778 0.351878 0.278824 -0.578932 0.529952 -0.397749 0.475168
0.609999 0.679790 0.351827 0.278936 -0.578958 0.529888 -0.397640 0.475298
0.619999 0.679798 0.351770 0.279053 -0.578984 0.529817 -0.397546 0.475424
0.629999 0.679801 0.351700 0.279179 -0.579010 0.529733 -0.397480 0.475542
0.639999 0.679803 0.351630 0.279305 -0.579036 0.529649 -0.397414 0.475659
0.649999 0.679806 0.351560 0.279431 -0.579062 0.529564 -0.397348 0.475776
0.659999 0.679806 0.351557 0.279435 -0.579063 0.529561 -0.397346 0.475781
0.669999 0.679798 0.351778 0.279038 -0.578982 0.529827 -0.397552 0.475411
0.679999 0.679801 0.351708 0.279164 -0.579008 0.529742 -0.397487 0.475528
0.689999 0.679803 0.351638 0.279290 -0.579034 0.529658 -0.397421 0.475645
0.699999 0.679806 0.351568 0.279416 -0.579060 0.529574 -0.397355 0.475763
0.709999 0.679808 0.351502 0.279534 -0.579084 0.529495 -0.397293 0.475872
0.719999 0.679808 0.351502 0.279534 -0.579085 0.529495 -0.397293 0.475872
0.729999 0.679808 0.351502 0.279534 -0.579085 0.529496 -0.397292 0.475872
0.739999 0.679808 0.351502 0.279534 -0.579085 0.529496 -0.397292 0.475872
0.749999 0.679907 0.351546 0.279462 -0.579541 0.529020 -0.396699 0.476341
0.759999 0.680020 0.351596 0.279379 -0.580060 0.528476 -0.396023 0.476875
0.769999 0.680132 0.351646 0.279297 -0.580578 0.527931 -0.395346 0.477409
0.779999 0.680245 0.351696 0.279214 -0.581096 0.527386 -0.394668 0.477942
0.789999 0.680259 0.351647 0.279299 -0.581253 0.527182 -0.394410 0.478190
0.799999 0.680240 0.351566 0.279440 -0.581288 0.527092 -0.394292 0.478343
0.809999 0.680221 0.351484 0.279580 -0.581324 0.527001 -0.394175 0.478496
0.819999 0.680202 0.351403 0.279721 -0.581359 0.526911 -0.394057 0.478649
0.829999 0.680250 0.351606 0.279370 -0.581270 0.527136 -0.394351 0.478267
0.839999 0.680259 0.351647 0.279299 -0.581253 0.527182 -0.394410 0.478190
0.849999 0.680240 0.351566 0.279440 -0.581288 0.527091 -0.394292 0.478343
0.859999 0.680221 0.351484 0.279580 -0.581324 0.527001 -0.394175 0.478497
0.869999 0.680202 0.351402 0.279721 -0.581359 0.526911 -0.394057 0.478650
0.879999 0.680194 0.351368 0.279779 -0.581374 0.526873 -0.394008 0.478713
0.889999 0.680194 0.351368 0.279779 -0.581374 0.526873 -0.394008 0.478713
0.899999 0.680194 0.351368 0.279779 -0.581374 0.526873 -0.394008 0.478713
0.909999 0.680264 0.351238 0.279841 -0.581344 0.526742 -0.394203 0.478734
0.919999 0.680520 0.350757 0.280068 -0.581233 0.526261 -0.394916 0.478810
0.929999 0.680777 0.350277 0.280294 -0.581122 0.525778 -0.395630 0.478885
0.939999 0.681033 0.349797 0.280521 -0.581011 0.525296 -0.396343 0.478960
0.949999 0.681259 0.349359 0.280736 -0.580915 0.524856 -0.396970 0.479040
0.959999 0.681230 0.349267 0.280857 -0.580951 0.524762 -0.396889 0.479166
0.969999 0.681200 0.349174 0.280978 -0.580986 0.524668 -0.396809 0.479293
0.979999 0.681171 0.349081 0.281099 -0.581022 0.524574 -0.396728 0.479419
0.989999 0.681142 0.348989 0.281219 -0.581057 0.524481 -0.396647 0.479545
0.999999 0.681259 0.349361 0.280734 -0.580914 0.524857 -0.396972 0.479038
1.009999 0.681230 0.349268 0.280855 -0.580950 0.524763 -0.396891 0.479164
1.019999 0.681201 0.349175 0.280976 -0.580985 0.524670 -0.396810 0.479290
1.029999 0.681172 0.349083 0.281097 -0.581021 0.524576 -0.396730 0.479417
1.039999 0.681143 0.348990 0.281218 -0.581056 0.524482 -0.396649 0.479543
1.049999 0.681141 0.348984 0.281226 -0.581059 0.524476 -0.396643 0.479552
1.059999 0.681141 0.348984 0.281226 -0.581059 0.524476 -0.396643 0.479552
1.069999 0.681141 0.348984 0.281226 -0.581059 0.524476 -0.396643 0.479552
1.079999 0.681004 0.348882 0.281132 -0.581019 0.524721 -0.396645 0.479330
1.089999 0.680778 0.348713 0.280976 -0.580954 0.525127 -0.396647 0.478962
1.099999 0.680552 0.348545 0.280820 -0.580889 0.525533 -0.396648 0.478595
1.109999 0.680325 0.348376 0.280665 -0.580823 0.525939 -0.396650 0.478227
1.119999 0.680187 0.348233 0.280627 -0.580819 0.526109 -0.396636 0.478057
1.129999 0.680152 0.348119 0.280729 -0.580886 0.526000 -0.396604 0.478121
1.139999 0.680118 0.348005 0.280831 -0.580954 0.525892 -0.396572 0.478185
1.149999 0.680083 0.347892 0.280933 -0.581021 0.525783 -0.396540 0.478249
1.159999 0.680107 0.347970 0.280863 -0.580974 0.525858 -0.396563 0.478205
1.169999 0.680188 0.348237 0.280623 -0.580816 0.526112 -0.396638 0.478055
1.179999 0.680153 0.348123 0.280726 -0.580883 0.526004 -0.396606 0.478119
1.189999 0.680119 0.348009 0.280828 -0.580951 0.525895 -0.396574 0.478184
1.199999 0.680084 0.347896 0.280930 -0.581018 0.525786 -0.396542 0.478248
1.209999 0.680059 0.347811 0.281006 -0.581068 0.525706 -0.396519 0.478295
1.219999 0.680059 0.347812 0.281006 -0.581068 0.525705 -0.396519 0.478296
1.229999 0.680059 0.347812 0.281006 -0.581067 0.525705 -0.396520 0.478296
1.239999 0.680058 0.347812 0.281006 -0.581067 0.525705 -0.396520 0.478296
1.249999 0.680251 0.347855 0.280769 -0.581203 0.525517 -0.396269 0.478546
1.259999 0.680456 0.347901 0.280516 -0.581349 0.525315 -0.396000 0.478812
1.269999 0.680661 0.347947 0.280262 -0.581495 0.525114 -0.395731 0.479078
1.279999 0.680866 0.347993 0.280009 -0.581641 0.524912 -0.395462 0.479344
1.289999 0.680880 0.347894 0.280096 -0.581691 0.524755 -0.395387 0.479517
1.299999 0.680836 0.347752 0.280283 -0.581712 0.524612 -0.395371 0.479661
1.309999 0.680792 0.347610 0.280471 -0.581734 0.524468 -0.395354 0.479806
1.319999 0.680749 0.347468 0.280659 -0.581755 0.524325 -0.395338 0.479951
1.329999 0.680864 0.347844 0.280162 -0.581698 0.524705 -0.395382 0.479567
1.339999 0.680879 0.347893 0.280097 -0.581691 0.524754 -0.395387 0.479518
1.349999 0.680836 0.347751 0.280285 -0.581712 0.524611 -0.395371 0.479662
1.359999 0.680792 0.347609 0.280473 -0.581734 0.524467 -0.395354 0.479807
1.369999 0.680748 0.347466 0.280661 -0.581755 0.524324 -0.395338 0.479952
1.379999 0.680731 0.347411 0.280734 -0.581764 0.524268 -0.395331 0.480008
1.389999 0.680731 0.347411 0.280734 -0.581764 0.524268 -0.395330 0.480008
1.399999 0.680731 0.347411 0.280734 -0.581764 0.524268 -0.395330 0.480008
1.409999 0.681456 0.347385 0.280740 -0.583023 0.522802 -0.393144 0.481871
1.419999 0.681406 0.347262 0.280935 -0.583029 0.522706 -0.393017 0.482072
1.429999 0.681356 0.347139 0.281130 -0.583034 0.522609 -0.392891 0.482273
1.439999 0.681307 0.347016 0.281325 -0.583039 0.522513 -0.392764 0.482474
1.449999 0.681257 0.346893 0.281520 -0.583045 0.522417 -0.392638 0.482675
1.459999 0.681194 0.346748 0.281742 -0.583054 0.522287 -0.392564 0.482864
1.469999 0.681129 0.346602 0.281966 -0.583064 0.522156 -0.392493 0.483051
1.479999 0.681065 0.346456 0.282189 -0.583074 0.522024 -0.392423 0.483239
1.489999 0.681001 0.346310 0.282413 -0.583084 0.521892 -0.392353 0.483426
1.499999 0.681245 0.346869 0.281559 -0.583043 0.522395 -0.392625 0.482710
1.509999 0.681181 0.346723 0.281783 -0.583053 0.522263 -0.392555 0.482898
1.519999 0.681117 0.346577 0.282006 -0.583063 0.522131 -0.392484 0.483086
1.529999 0.681052 0.346431 0.282230 -0.583073 0.521999 -0.392414 0.483274
1.539999 0.680988 0.346284 0.282454 -0.583083 0.521867 -0.392344 0.483461
1.549999 0.680984 0.346275 0.282468 -0.583083 0.521859 -0.392340 0.483473
1.559999 0.680984 0.346275 0.282468 -0.583082 0.521859 -0.392341 0.483474
1.569999 0.680983 0.346276 0.282468 -0.583082 0.521859 -0.392341 0.483474
1.579998 0.682661 0.343021 0.282452 -0.581261 0.523252 -0.394279 0.482585
1.589998 0.682587 0.342851 0.282711 -0.581237 0.523154 -0.394185 0.482796
1.599998 0.682514 0.342680 0.282971 -0.581213 0.523057 -0.394090 0.483008
1.609998 0.682440 0.342509 0.283230 -0.581189 0.522959 -0.393996 0.483219
1.619998 0.682362 0.342333 0.283502 -0.581160 0.522858 -0.393909 0.483434
1.629998 0.682272 0.342137 0.283815 -0.581114 0.522747 -0.393845 0.483662
1.639998 0.682182 0.341942 0.284128 -0.581068 0.522635 -0.393781 0.483889
1.649998 0.682092 0.341746 0.284440 -0.581022 0.522523 -0.393718 0.484116
1.659998 0.682050 0.341657 0.284584 -0.581000 0.522472 -0.393690 0.484221
1.669998 0.682340 0.342295 0.283571 -0.581140 0.522836 -0.393910 0.483481
1.679998 0.682250 0.342099 0.283884 -0.581094 0.522724 -0.393846 0.483709
1.689998 0.682160 0.341904 0.284197 -0.581048 0.522612 -0.393782 0.483937
1.699998 0.682070 0.341708 0.284510 -0.581002 0.522500 -0.393717 0.484166
1.709998 0.682005 0.341568 0.284734 -0.580969 0.522420 -0.393672 0.484329
1.719998 0.682005 0.341568 0.284735 -0.580968 0.522420 -0.393673 0.484329
1.729998 0.682005 0.341568 0.284735 -0.580968 0.522421 -0.393673 0.484329
1.739998 0.682004 0.341568 0.284735 -0.580967 0.522421 -0.393674 0.484329
1.749998 0.681615 0.341080 0.285746 -0.578253 0.523866 -0.394859 0.485051
1.759998 0.681533 0.340869 0.286092 -0.578160 0.523800 -0.394767 0.485308
1.769998 0.681451 0.340657 0.286437 -0.578066 0.523734 -0.394676 0.485564
1.779998 0.681370 0.340446 0.286783 -0.577973 0.523668 -0.394585 0.485820
1.789998 0.681282 0.340226 0.287139 -0.577879 0.523595 -0.394510 0.486072
1.799998 0.681186 0.339994 0.287511 -0.577784 0.523511 -0.394458 0.486317
1.809998 0.681090 0.339762 0.287883 -0.577690 0.523427 -0.394406 0.486562
1.819998 0.680994 0.339530 0.288255 -0.577596 0.523342 -0.394353 0.486807
1.829998 0.681118 0.339834 0.287770 -0.577715 0.523454 -0.394427 0.486485
1.839998 0.681245 0.340145 0.287273 -0.577838 0.523568 -0.394502 0.486156
1.849998 0.681149 0.339913 0.287645 -0.577744 0.523484 -0.394450 0.486401
1.859998 0.681053 0.339681 0.288017 -0.577649 0.523399 -0.394398 0.486647
1.869998 0.680957 0.339449 0.288389 -0.577555 0.523315 -0.394345 0.486892
1.879998 0.680917 0.339357 0.288543 -0.577508 0.523283 -0.394333 0.486992
1.889998 0.680915 0.339362 0.288546 -0.577495 0.523287 -0.394348 0.486990
1.899998 0.680912 0.339368 0.288549 -0.577482 0.523291 -0.394364 0.486989
1.909998 0.680958 0.339270 0.288664 -0.577551 0.523161 -0.394446 0.486981
1.919998 0.681152 0.338850 0.289130 -0.577876 0.522607 -0.394736 0.486953
1.929998 0.681346 0.338431 0.289596 -0.578202 0.522054 -0.395027 0.486925
1.939998 0.681540 0.338012 0.290062 -0.578527 0.521500 -0.395317 0.486897
1.949998 0.681700 0.337606 0.290535 -0.578795 0.520998 -0.395575 0.486906
1.959998 0.681604 0.337308 0.291055 -0.578642 0.520885 -0.395593 0.487195
1.969998 0.681507 0.337009 0.291576 -0.578488 0.520772 -0.395611 0.487483
1.979998 0.681410 0.336710 0.292096 -0.578334 0.520659 -0.395629 0.487771
1.989998 0.681314 0.336411 0.292616 -0.578180 0.520546 -0.395647 0.488060
1.999998 0.681702 0.337610 0.290525 -0.578800 0.521000 -0.395572 0.486900
2.009998 0.681606 0.337311 0.291046 -0.578647 0.520887 -0.395590 0.487189
2.019998 0.681509 0.337012 0.291566 -0.578493 0.520774 -0.395609 0.487477
2.029998 0.681412 0.336713 0.292087 -0.578339 0.520661 -0.395627 0.487765
2.039998 0.681316 0.336415 0.292607 -0.578186 0.520548 -0.395645 0.488053
2.049998 0.681309 0.336394 0.292641 -0.578176 0.520541 -0.395646 0.488072
2.059998 0.681309 0.336394 0.292641 -0.578177 0.520541 -0.395645 0.488072
2.069998 0.681310 0.336394 0.292641 -0.578177 0.520541 -0.395645 0.488072
2.079998 0.682136 0.336390 0.291614 -0.578330 0.519951 -0.394703 0.489281
2.089998 0.682039 0.336056 0.292138 -0.578182 0.519853 -0.394677 0.489580
2.099998 0.681943 0.335722 0.292661 -0.578034 0.519755 -0.394650 0.489880
2.109998 0.681846 0.335389 0.293185 -0.577887 0.519657 -0.394623 0.490180
2.119998 0.681748 0.335046 0.293719 -0.577735 0.519556 -0.394603 0.490481
2.129998 0.681643 0.334676 0.294287 -0.577572 0.519446 -0.394605 0.490788
2.139998 0.681539 0.334306 0.294855 -0.577409 0.519336 -0.394607 0.491096
2.149998 0.681435 0.333936 0.295422 -0.577245 0.519225 -0.394608 0.491403
2.159998 0.681395 0.333798 0.295635 -0.577184 0.519184 -0.394609 0.491518
2.169998 0.681728 0.334975 0.293827 -0.577704 0.519537 -0.394605 0.490537
2.179998 0.681623 0.334605 0.294395 -0.577541 0.519427 -0.394607 0.490844
2.189998 0.681519 0.334235 0.294962 -0.577378 0.519316 -0.394608 0.491152
2.199998 0.681414 0.333866 0.295530 -0.577214 0.519206 -0.394610 0.491459
2.209998 0.681338 0.333597 0.295943 -0.577096 0.519125 -0.394611 0.491682
2.219998 0.681338 0.333597 0.295943 -0.577096 0.519126 -0.394611 0.491682
2.229998 0.681338 0.333597 0.295943 -0.577095 0.519126 -0.394611 0.491682
2.239998 0.681338 0.333597 0.295943 -0.577095 0.519126 -0.394611 0.491682
2.249998 0.681684 0.332341 0.296821 -0.576938 0.519011 -0.394970 0.491701
2.259998 0.682048 0.331019 0.297744 -0.576771 0.518890 -0.395347 0.491721
2.269998 0.682411 0.329698 0.298668 -0.576605 0.518768 -0.395724 0.491740
2.279998 0.682775 0.328376 0.299591 -0.576438 0.518647 -0.396101 0.491760
2.289998 0.682796 0.327724 0.300375 -0.576230 0.518500 -0.396267 0.492026
2.299998 0.682707 0.327284 0.301113 -0.576007 0.518345 -0.396366 0.492370
2.309998 0.682619 0.326843 0.301852 -0.575784 0.518190 -0.396465 0.492714
2.319998 0.682531 0.326403 0.302591 -0.575562 0.518034 -0.396564 0.493058
2.329998 0.682729 0.327388 0.300937 -0.576061 0.518381 -0.396342 0.492289
2.339998 0.682805 0.327768 0.300300 -0.576253 0.518515 -0.396256 0.491992
2.349998 0.682717 0.327327 0.301039 -0.576030 0.518360 -0.396355 0.492336
2.359998 0.682629 0.326887 0.301777 -0.575808 0.518205 -0.396454 0.492680
2.369998 0.682541 0.326447 0.302516 -0.575585 0.518049 -0.396553 0.493024
2.379998 0.682496 0.326224 0.302891 -0.575472 0.517971 -0.396603 0.493198
2.389998 0.682496 0.326224 0.302891 -0.575473 0.517970 -0.396602 0.493198
2.399998 0.682496 0.326223 0.302891 -0.575473 0.517970 -0.396602 0.493198
2.409998 0.682566 0.325799 0.303530 -0.575328 0.517930 -0.396845 0.493215
2.419998 0.682812 0.324307 0.305777 -0.574816 0.517790 -0.397700 0.493270
2.429998 0.683058 0.322815 0.308024 -0.574304 0.517649 -0.398554 0.493325
2.439998 0.683304 0.321323 0.310271 -0.573791 0.517508 -0.399408 0.493380
2.449998 0.683515 0.319928 0.312362 -0.573309 0.517362 -0.400195 0.493455
2.459998 0.683461 0.319290 0.313219 -0.573075 0.517184 -0.400460 0.493697
2.469998 0.683406 0.318652 0.314076 -0.572841 0.517007 -0.400725 0.493940
2.479998 0.683351 0.318014 0.314933 -0.572607 0.516830 -0.400990 0.494182
2.489998 0.683297 0.317376 0.315790 -0.572373 0.516652 -0.401254 0.494423
2.499998 0.683516 0.319932 0.312356 -0.573310 0.517363 -0.400193 0.493454
2.509998 0.683461 0.319294 0.313213 -0.573077 0.517186 -0.400458 0.493696
2.519998 0.683406 0.318657 0.314070 -0.572843 0.517008 -0.400723 0.493938
2.529998 0.683352 0.318019 0.314927 -0.572609 0.516831 -0.400988 0.494180
2.539998 0.683297 0.317381 0.315784 -0.572375 0.516653 -0.401252 0.494422
2.549998 0.683294 0.317342 0.315836 -0.572361 0.516643 -0.401269 0.494436
2.559998 0.683294 0.317342 0.315836 -0.572361 0.516643 -0.401269 0.494436
2.569998 0.683294 0.317342 0.315836 -0.572361 0.516643 -0.401269 0.494436
2.579998 0.682761 0.316695 0.316659 -0.572292 0.516458 -0.401530 0.494497
2.589998 0.681878 0.315624 0.318021 -0.572178 0.516151 -0.401963 0.494596
2.599998 0.681767 0.314857 0.318886 -0.572019 0.515954 -0.402262 0.494744
2.609998 0.681699 0.314108 0.319724 -0.571857 0.515762 -0.402553 0.494894
2.619998 0.681631 0.313359 0.320561 -0.571694 0.515571 -0.402844 0.495044
2.629997 0.681564 0.312610 0.321398 -0.571532 0.515379 -0.403135 0.495195
2.639997 0.681499 0.311832 0.322234 -0.571357 0.515197 -0.403442 0.495335
2.649997 0.681435 0.311046 0.323069 -0.571179 0.515019 -0.403753 0.495473
2.659997 0.681371 0.310260 0.323904 -0.571001 0.514840 -0.404064 0.495611
2.669997 0.681307 0.309474 0.324739 -0.570823 0.514661 -0.404374 0.495749
2.679997 0.681283 0.309170 0.325063 -0.570754 0.514591 -0.404495 0.495802
2.689997 0.681283 0.309170 0.325063 -0.570754 0.514591 -0.404495 0.495802
2.699997 0.681283 0.309170 0.325063 -0.570754 0.514591 -0.404495 0.495802
2.709997 0.681283 0.309170 0.325063 -0.570754 0.514591 -0.404495 0.495802
2.719997 0.681283 0.309170 0.325063 -0.570754 0.514591 -0.404495 0.495802
2.729997 0.681283 0.309170 0.325063 -0.570754 0.514591 -0.404495 0.495802
2.739997 0.681283 0.309170 0.325063 -0.570754 0.514591 -0.404495 0.495802
2.749997 0.682115 0.308744 0.325392 -0.570973 0.513947 -0.404671 0.496074
2.759997 0.682995 0.308294 0.325740 -0.571205 0.513265 -0.404858 0.496360
2.769997 0.683875 0.307844 0.326087 -0.571437 0.512583 -0.405044 0.496647
2.779997 0.684755 0.307394 0.326435 -0.571668 0.511901 -0.405230 0.496933
2.789997 0.684952 0.306652 0.327163 -0.571574 0.511601 -0.405597 0.497050
2.799997 0.684957 0.305828 0.327997 -0.571389 0.511409 -0.406016 0.497119
2.809997 0.684962 0.305005 0.328831 -0.571203 0.511217 -0.406434 0.497188
2.819997 0.684967 0.304181 0.329665 -0.571018 0.511024 -0.406852 0.497257
2.829997 0.684954 0.306341 0.327477 -0.571504 0.511529 -0.405755 0.497076
2.839997 0.684952 0.306665 0.327149 -0.571577 0.511604 -0.405591 0.497049
2.849997 0.684957 0.305842 0.327983 -0.571392 0.511412 -0.406009 0.497118
2.859997 0.684962 0.305018 0.328817 -0.571206 0.511220 -0.406427 0.497187
2.869997 0.684967 0.304194 0.329652 -0.571021 0.511028 -0.406845 0.497255
2.879997 0.684969 0.303863 0.329988 -0.570946 0.510950 -0.407014 0.497283
2.889997 0.684969 0.303863 0.329988 -0.570946 0.510950 -0.407014 0.497283
2.899997 0.684969 0.303863 0.329988 -0.570946 0.510950 -0.407014 0.497283
2.909997 0.685099 0.303558 0.330272 -0.570624 0.511184 -0.406908 0.497499
2.919997 0.685565 0.302462 0.331294 -0.569463 0.512025 -0.406526 0.498276
2.929997 0.686032 0.301366 0.332317 -0.568300 0.512865 -0.406142 0.499052
2.939997 0.686498 0.300271 0.333339 -0.567136 0.513703 -0.405758 0.499827
2.949997 0.686929 0.299195 0.334347 -0.566042 0.514467 -0.405426 0.500549
2.959997 0.686889 0.298384 0.335151 -0.565891 0.514276 -0.405797 0.500616
2.969997 0.686849 0.297573 0.335956 -0.565739 0.514085 -0.406167 0.500683
2.979997 0.686809 0.296762 0.336761 -0.565587 0.513894 -0.406538 0.500750
2.989997 0.686769 0.295951 0.337566 -0.565435 0.513703 -0.406909 0.500817
2.999997 0.686927 0.299162 0.334380 -0.566035 0.514460 -0.405442 0.500552
3.009997 0.686887 0.298352 0.335185 -0.565884 0.514269 -0.405813 0.500619
3.019997 0.686847 0.297541 0.335989 -0.565732 0.514078 -0.406184 0.500686
3.029997 0.686807 0.296730 0.336794 -0.565580 0.513887 -0.406554 0.500753
3.039997 0.686767 0.295919 0.337599 -0.565428 0.513696 -0.406925 0.500819
3.049997 0.686764 0.295874 0.337644 -0.565420 0.513685 -0.406945 0.500823
3.059997 0.686765 0.295874 0.337644 -0.565420 0.513685 -0.406945 0.500823
3.069997 0.686765 0.295874 0.337644 -0.565420 0.513685 -0.406944 0.500823
3.079997 0.687342 0.292455 0.340617 -0.563789 0.515004 -0.407263 0.501049
3.089997 0.687988 0.288291 0.344210 -0.561901 0.516445 -0.407739 0.501300
3.099997 0.687953 0.287334 0.344940 -0.561790 0.516260 -0.408137 0.501290
3.109997 0.687918 0.286377 0.345671 -0.561679 0.516074 -0.408535 0.501281
3.119997 0.687884 0.285421 0.346402 -0.561568 0.515889 -0.408933 0.501272
3.129997 0.687849 0.284460 0.347130 -0.561456 0.515706 -0.409331 0.501261
3.139997 0.687816 0.283472 0.347838 -0.561332 0.515544 -0.409727 0.501242
3.149997 0.687783 0.282483 0.348546 -0.561209 0.515382 -0.410123 0.501223
3.159997 0.687751 0.281494 0.349254 -0.561086 0.515219 -0.410519 0.501204
3.169997 0.687718 0.280505 0.349962 -0.560962 0.515057 -0.410915 0.501185
3.179997 0.687717 0.280466 0.349990 -0.560958 0.515050 -0.410930 0.501185
3.189997 0.687717 0.280466 0.349990 -0.560958 0.515050 -0.410930 0.501185
3.199997 0.687717 0.280466 0.349990 -0.560958 0.515050 -0.410930 0.501185
3.209997 0.687717 0.280466 0.349990 -0.560958 0.515050 -0.410930 0.501185
3.219997 0.687717 0.280466 0.349990 -0.560958 0.515050 -0.410930 0.501185
3.229997 0.687717 0.280466 0.349990 -0.560958 0.515050 -0.410930 0.501185
3.239997 0.687717 0.280466 0.349990 -0.560958 0.515050 -0.410930 0.501185
3.249997 0.687725 0.278730 0.351580 -0.560505 0.514938 -0.410817 0.501899
3.259997 0.687734 0.276903 0.353254 -0.560029 0.514819 -0.410697 0.502650
3.269997 0.687742 0.275075 0.354928 -0.559552 0.514699 -0.410577 0.503402
3.279997 0.687751 0.273248 0.356602 -0.559074 0.514579 -0.410456 0.504152
3.289997 0.687730 0.272010 0.357478 -0.558921 0.514396 -0.410839 0.504197
3.299997 0.687700 0.270937 0.358129 -0.558860 0.514195 -0.411364 0.504042
3.309997 0.687671 0.269865 0.358780 -0.558798 0.513994 -0.411889 0.503887
3.319997 0.687642 0.268793 0.359431 -0.558737 0.513793 -0.412413 0.503732
3.329997 0.687719 0.271607 0.357722 -0.558898 0.514321 -0.411036 0.504139
3.339997 0.687730 0.272026 0.357468 -0.558922 0.514399 -0.410831 0.504200
3.349997 0.687701 0.270954 0.358119 -0.558861 0.514198 -0.411356 0.504045
3.359997 0.687671 0.269881 0.358770 -0.558799 0.513997 -0.411880 0.503890
3.369997 0.687642 0.268809 0.359421 -0.558738 0.513796 -0.412405 0.503735
3.379997 0.687630 0.268378 0.359683 -0.558713 0.513714 -0.412616 0.503672
3.389997 0.687630 0.268378 0.359683 -0.558713 0.513714 -0.412616 0.503673
3.399997 0.687630 0.268378 0.359683 -0.558713 0.513714 -0.412616 0.503673
3.409997 0.688564 0.267759 0.358127 -0.559961 0.510872 -0.416469 0.502004
3.419997 0.688526 0.266733 0.358757 -0.559926 0.510717 -0.416844 0.501888
3.429997 0.688489 0.265706 0.359388 -0.559891 0.510563 -0.417219 0.501772
3.439997 0.688451 0.264680 0.360018 -0.559856 0.510409 -0.417594 0.501656
3.449997 0.688414 0.263654 0.360648 -0.559821 0.510254 -0.417970 0.501540
3.459997 0.688377 0.262605 0.361242 -0.559789 0.510113 -0.418369 0.501386
3.469997 0.688339 0.261553 0.361832 -0.559757 0.509974 -0.418770 0.501228
3.479997 0.688302 0.260501 0.362423 -0.559726 0.509834 -0.419171 0.501070
3.489997 0.688264 0.259450 0.363013 -0.559694 0.509694 -0.419573 0.500912
3.499997 0.688406 0.263439 0.360774 -0.559814 0.510224 -0.418050 0.501511
3.509997 0.688369 0.262387 0.361365 -0.559782 0.510085 -0.418452 0.501353
3.519997 0.688331 0.261335 0.361955 -0.559751 0.509945 -0.418853 0.501196
3.529997 0.688294 0.260284 0.362545 -0.559719 0.509805 -0.419255 0.501038
3.539997 0.688256 0.259232 0.363135 -0.559687 0.509666 -0.419656 0.500879
3.549997 0.688254 0.259171 0.363170 -0.559685 0.509658 -0.419680 0.500870
3.559997 0.688254 0.259170 0.363170 -0.559685 0.509658 -0.419680 0.500870
3.569997 0.688254 0.259170 0.363170 -0.559685 0.509658 -0.419681 0.500870
3.579997 0.688814 0.257504 0.360862 -0.557441 0.515720 -0.415970 0.500261
3.589997 0.689723 0.254802 0.357117 -0.553737 0.525491 -0.409902 0.499214
3.599997 0.689711 0.253605 0.357295 -0.553555 0.526020 -0.409865 0.498891
3.609997 0.689645 0.252498 0.357707 -0.553585 0.526000 -0.410188 0.498612
3.619997 0.689578 0.251391 0.358119 -0.553615 0.525979 -0.410511 0.498334
3.629997 0.689512 0.250284 0.358531 -0.553645 0.525959 -0.410835 0.498055
3.639997 0.689441 0.249162 0.358928 -0.553688 0.525924 -0.411193 0.497750
3.649997 0.689369 0.248035 0.359320 -0.553733 0.525883 -0.411561 0.497437
3.659997 0.689297 0.246908 0.359712 -0.553779 0.525843 -0.411929 0.497124
3.669997 0.689225 0.245781 0.360104 -0.553824 0.525803 -0.412297 0.496811
3.679996 0.689197 0.245342 0.360257 -0.553842 0.525787 -0.412440 0.496689
3.689996 0.689197 0.245342 0.360257 -0.553842 0.525787 -0.412440 0.496689
3.699996 0.689197 0.245342 0.360257 -0.553842 0.525787 -0.412440 0.496689
3.709996 0.689197 0.245342 0.360257 -0.553842 0.525787 -0.412440 0.496689
3.719996 0.689197 0.245342 0.360257 -0.553842 0.525787 -0.412440 0.496689
3.729996 0.689197 0.245342 0.360257 -0.553842 0.525787 -0.412440 0.496689
3.739996 0.689197 0.245342 0.360257 -0.553842 0.525787 -0.412440 0.496689
3.749996 0.689765 0.242199 0.360931 -0.553664 0.526227 -0.413226 0.495767
3.759996 0.690364 0.238886 0.361642 -0.553476 0.526690 -0.414053 0.494794
3.769996 0.690963 0.235573 0.362352 -0.553287 0.527152 -0.414880 0.493820
3.779996 0.691561 0.232260 0.363062 -0.553097 0.527612 -0.415706 0.492846
3.789996 0.691651 0.230622 0.363392 -0.553126 0.527720 -0.416171 0.492306
3.799996 0.691604 0.229432 0.363619 -0.553213 0.527734 -0.416539 0.491882
3.809996 0.691558 0.228241 0.363847 -0.553300 0.527748 -0.416907 0.491458
3.819996 0.691511 0.227051 0.364074 -0.553386 0.527761 -0.417274 0.491034
3.829996 0.691637 0.230252 0.363462 -0.553153 0.527725 -0.416284 0.492174
3.839996 0.691652 0.230637 0.363389 -0.553125 0.527720 -0.416165 0.492311
3.849996 0.691605 0.229446 0.363616 -0.553212 0.527734 -0.416533 0.491887
3.859996 0.691558 0.228256 0.363844 -0.553299 0.527747 -0.416901 0.491463
3.869996 0.691512 0.227066 0.364071 -0.553386 0.527761 -0.417269 0.491039
3.879996 0.691494 0.226602 0.364160 -0.553420 0.527766 -0.417412 0.490874
3.889996 0.691494 0.226602 0.364160 -0.553420 0.527766 -0.417412 0.490874
3.899996 0.691494 0.226602 0.364160 -0.553420 0.527766 -0.417412 0.490874
3.909996 0.691446 0.225830 0.364490 -0.553725 0.526803 -0.418027 0.491041
3.919996 0.691272 0.223043 0.365685 -0.554819 0.523316 -0.420248 0.491638
3.929996 0.691099 0.220255 0.366880 -0.555904 0.519819 -0.422461 0.492225
3.939996 0.690941 0.217750 0.367903 -0.556789 0.516941 -0.424330 0.492648
3.949996 0.690851 0.216541 0.368139 -0.556808 0.516930 -0.424658 0.492355
3.959996 0.690762 0.215331 0.368374 -0.556827 0.516919 -0.424986 0.492063
3.969996 0.690672 0.214122 0.368609 -0.556846 0.516908 -0.425314 0.491770
3.979996 0.690586 0.212961 0.368835 -0.556864 0.516897 -0.425628 0.491488
3.989996 0.690780 0.215577 0.368326 -0.556823 0.516921 -0.424920 0.492122
3.999996 0.690949 0.217862 0.367882 -0.556787 0.516942 -0.424301 0.492674
4.009996 0.690859 0.216652 0.368117 -0.556806 0.516931 -0.424629 0.492382
4.019996 0.690770 0.215443 0.368353 -0.556825 0.516920 -0.424957 0.492089
4.029996 0.690680 0.214233 0.368588 -0.556844 0.516909 -0.425285 0.491796
4.039996 0.690590 0.213024 0.368823 -0.556862 0.516897 -0.425613 0.491503
4.049996 0.690583 0.212927 0.368842 -0.556864 0.516896 -0.425640 0.491479
4.059996 0.690583 0.212927 0.368842 -0.556863 0.516896 -0.425640 0.491479
4.069996 0.690583 0.212926 0.368842 -0.556863 0.516896 -0.425641 0.491479
4.079996 0.690834 0.212225 0.368932 -0.557001 0.516633 -0.426434 0.490911
4.089996 0.691245 0.211077 0.369078 -0.557227 0.516200 -0.427734 0.489980
4.099996 0.691656 0.209928 0.369225 -0.557450 0.515765 -0.429032 0.489047
4.109996 0.692067 0.208779 0.369371 -0.557673 0.515329 -0.430329 0.488113
4.119996 0.692265 0.207618 0.369517 -0.557831 0.515082 -0.431157 0.487462
4.129996 0.692189 0.206442 0.369662 -0.557908 0.515080 -0.431383 0.487176
4.139996 0.692113 0.205267 0.369808 -0.557984 0.515078 -0.431608 0.486890
4.149996 0.692038 0.204091 0.369953 -0.558061 0.515076 -0.431833 0.486604
4.159996 0.692087 0.204859 0.369858 -0.558011 0.515078 -0.431686 0.486791
4.169996 0.692263 0.207597 0.369520 -0.557832 0.515082 -0.431161 0.487456
4.179996 0.692188 0.206421 0.369665 -0.557909 0.515080 -0.431387 0.487171
4.189996 0.692112 0.205245 0.369810 -0.557986 0.515078 -0.431612 0.486885
4.199996 0.692036 0.204070 0.369955 -0.558063 0.515076 -0.431838 0.486599
4.209996 0.691982 0.203233 0.370059 -0.558117 0.515075 -0.431998 0.486396
4.219996 0.691982 0.203233 0.370059 -0.558117 0.515075 -0.431998 0.486396
4.229996 0.691982 0.203233 0.370059 -0.558117 0.515075 -0.431999 0.486395
4.239996 0.691983 0.203233 0.370059 -0.558117 0.515075 -0.431999 0.486395
4.249996 0.692059 0.201484 0.369524 -0.557509 0.516731 -0.431764 0.485544
4.259996 0.692200 0.198258 0.368536 -0.556382 0.519779 -0.431326 0.483969
4.269996 0.692341 0.195032 0.367549 -0.555248 0.522821 -0.430883 0.482388
4.279996 0.692482 0.191806 0.366561 -0.554106 0.525855 -0.430434 0.480801
4.289996 0.692433 0.190147 0.366371 -0.553921 0.526580 -0.430491 0.480170
4.299996 0.692328 0.188947 0.366414 -0.554017 0.526629 -0.430697 0.479820
4.309996 0.692224 0.187748 0.366458 -0.554113 0.526678 -0.430903 0.479470
4.319996 0.692119 0.186548 0.366501 -0.554209 0.526727 -0.431109 0.479121
4.329996 0.692361 0.189321 0.366401 -0.553987 0.526614 -0.430632 0.479929
4.339996 0.692443 0.190269 0.366367 -0.553911 0.526575 -0.430470 0.480205
4.349996 0.692339 0.189069 0.366410 -0.554007 0.526624 -0.430676 0.479856
4.359996 0.692234 0.187869 0.366453 -0.554103 0.526673 -0.430882 0.479506
4.369996 0.692130 0.186669 0.366497 -0.554199 0.526722 -0.431088 0.479156
4.379996 0.692078 0.186076 0.366518 -0.554246 0.526746 -0.431190 0.478983
4.389996 0.692078 0.186076 0.366518 -0.554246 0.526746 -0.431190 0.478983
4.399996 0.692078 0.186076 0.366518 -0.554246 0.526746 -0.431190 0.478983
4.409996 0.692405 0.184328 0.366401 -0.553904 0.527686 -0.430998 0.478517
4.419996 0.693586 0.178009 0.365977 -0.552661 0.531077 -0.430303 0.476826
4.429996 0.693954 0.174804 0.365829 -0.552201 0.532442 -0.430182 0.475944
4.439996 0.693808 0.173564 0.365854 -0.552238 0.532534 -0.430426 0.475577
4.449996 0.693663 0.172323 0.365879 -0.552275 0.532626 -0.430671 0.475210
4.459996 0.693518 0.171083 0.365904 -0.552312 0.532718 -0.430915 0.474843
4.469996 0.693366 0.169847 0.365911 -0.552350 0.532820 -0.431141 0.474478
4.479996 0.693205 0.168615 0.365895 -0.552391 0.532935 -0.431346 0.474116
4.489996 0.693044 0.167384 0.365880 -0.552431 0.533050 -0.431550 0.473754
4.499996 0.692883 0.166153 0.365864 -0.552471 0.533164 -0.431755 0.473391
4.509996 0.692767 0.165266 0.365853 -0.552500 0.533247 -0.431902 0.473130
4.519996 0.692767 0.165266 0.365853 -0.552500 0.533247 -0.431902 0.473130
4.529996 0.692767 0.165266 0.365853 -0.552500 0.533247 -0.431902 0.473130
4.539996 0.692767 0.165266 0.365853 -0.552500 0.533247 -0.431902 0.473130
4.549996 0.692767 0.165266 0.365853 -0.552500 0.533247 -0.431902 0.473130
4.559996 0.692767 0.165266 0.365853 -0.552500 0.533247 -0.431902 0.473130
4.569996 0.692767 0.165266 0.365853 -0.552500 0.533247 -0.431902 0.473130
4.579996 0.692300 0.163507 0.365879 -0.552238 0.532642 -0.432555 0.473520
4.589996 0.691547 0.160664 0.365921 -0.551814 0.531664 -0.433610 0.474148
4.599996 0.690793 0.157822 0.365963 -0.551389 0.530685 -0.434663 0.474775
4.609996 0.690057 0.155036 0.365998 -0.550978 0.529745 -0.435683 0.475367
4.619996 0.689813 0.153822 0.365839 -0.550984 0.529939 -0.435801 0.475036
4.629996 0.689569 0.152608 0.365680 -0.550990 0.530134 -0.435918 0.474704
4.639996 0.689325 0.151394 0.365520 -0.550996 0.530328 -0.436035 0.474372
4.649996 0.689081 0.150179 0.365361 -0.551003 0.530522 -0.436152 0.474040
4.659996 0.689665 0.153088 0.365743 -0.550988 0.530057 -0.435871 0.474835
4.669996 0.689959 0.154547 0.365934 -0.550980 0.529823 -0.435731 0.475234
4.679996 0.689715 0.153333 0.365775 -0.550986 0.530018 -0.435848 0.474902
4.689996 0.689471 0.152119 0.365615 -0.550993 0.530212 -0.435965 0.474570
4.699996 0.689226 0.150905 0.365456 -0.550999 0.530406 -0.436082 0.474239
4.709996 0.689048 0.150019 0.365340 -0.551003 0.530548 -0.436167 0.473996
4.719995 0.689048 0.150019 0.365340 -0.551003 0.530548 -0.436168 0.473996
4.729995 0.689048 0.150019 0.365340 -0.551002 0.530548 -0.436169 0.473996
4.739995 0.689049 0.150019 0.365340 -0.551002 0.530548 -0.436169 0.473996
4.749995 0.689267 0.151606 0.363889 -0.550397 0.531396 -0.438006 0.472052
4.759995 0.689350 0.152442 0.362742 -0.549930 0.532112 -0.439388 0.470502
4.769995 0.689081 0.151256 0.362521 -0.549887 0.532407 -0.439435 0.470175
4.779995 0.688812 0.150070 0.362301 -0.549844 0.532701 -0.439483 0.469848
4.789995 0.688543 0.148885 0.362080 -0.549801 0.532995 -0.439530 0.469520
4.799995 0.688272 0.147700 0.361855 -0.549757 0.533293 -0.439569 0.469195
4.809995 0.687991 0.146527 0.361595 -0.549711 0.533625 -0.439554 0.468886
4.819995 0.687710 0.145354 0.361335 -0.549666 0.533956 -0.439539 0.468577
4.829995 0.687429 0.144180 0.361075 -0.549620 0.534287 -0.439524 0.468267
4.839995 0.687147 0.143007 0.360815 -0.549574 0.534619 -0.439508 0.467958
4.849995 0.687136 0.142961 0.360805 -0.549572 0.534631 -0.439508 0.467946
4.859995 0.687136 0.142961 0.360805 -0.549572 0.534631 -0.439508 0.467946
4.869995 0.687136 0.142961 0.360805 -0.549572 0.534631 -0.439508 0.467946
4.879995 0.687136 0.142961 0.360805 -0.549572 0.534631 -0.439508 0.467946
4.889995 0.687136 0.142961 0.360805 -0.549572 0.534631 -0.439508 0.467946
4.899995 0.687136 0.142961 0.360805 -0.549572 0.534631 -0.439508 0.467946
4.909995 0.687085 0.141763 0.360108 -0.549369 0.535530 -0.439506 0.467158
4.919995 0.686902 0.137506 0.357632 -0.548641 0.538716 -0.439493 0.464354
4.929995 0.686621 0.135192 0.356563 -0.548313 0.540120 -0.439445 0.463154
4.939995 0.686280 0.134068 0.356356 -0.548236 0.540436 -0.439379 0.462939
4.949995 0.685940 0.132944 0.356149 -0.548158 0.540752 -0.439313 0.462725
4.959995 0.685599 0.131820 0.355942 -0.548081 0.541068 -0.439246 0.462510
4.969995 0.685252 0.130701 0.355723 -0.548009 0.541385 -0.439176 0.462291
4.979995 0.684899 0.129588 0.355491 -0.547944 0.541702 -0.439101 0.462068
4.989995 0.684546 0.128475 0.355259 -0.547880 0.542019 -0.439026 0.461845
4.999995 0.684193 0.127362 0.355027 -0.547815 0.542335 -0.438950 0.461621
5.009995 0.683941 0.126568 0.354862 -0.547768 0.542561 -0.438896 0.461462
5.019995 0.683941 0.126568 0.354862 -0.547768 0.542561 -0.438896 0.461462
5.029995 0.683941 0.126568 0.354862 -0.547768 0.542561 -0.438896 0.461462
5.039995 0.683941 0.126568 0.354862 -0.547768 0.542561 -0.438896 0.461462
5.049995 0.683941 0.126568 0.354862 -0.547768 0.542561 -0.438896 0.461462
5.059995 0.683941 0.126568 0.354862 -0.547768 0.542561 -0.438896 0.461462
5.069995 0.683941 0.126568 0.354862 -0.547768 0.542561 -0.438896 0.461462
5.079995 0.684209 0.123688 0.355051 -0.547442 0.543312 -0.438709 0.461144
5.089995 0.684634 0.119131 0.355351 -0.546924 0.544500 -0.438411 0.460641
5.099995 0.685059 0.114574 0.355650 -0.546405 0.545686 -0.438113 0.460136
5.109995 0.685425 0.110277 0.355902 -0.545925 0.546805 -0.437828 0.459649
5.119995 0.685072 0.109150 0.355581 -0.545919 0.547120 -0.437726 0.459379
5.129995 0.684719 0.108023 0.355260 -0.545912 0.547434 -0.437624 0.459108
5.139995 0.684366 0.106896 0.354939 -0.545906 0.547749 -0.437522 0.458838
5.149995 0.684013 0.105769 0.354617 -0.545900 0.548063 -0.437420 0.458568
5.159995 0.684881 0.108540 0.355407 -0.545915 0.547290 -0.437671 0.459232
5.169995 0.685302 0.109886 0.355791 -0.545923 0.546914 -0.437793 0.459555
5.179995 0.684949 0.108759 0.355470 -0.545916 0.547229 -0.437691 0.459285
5.189995 0.684596 0.107632 0.355148 -0.545910 0.547544 -0.437589 0.459014
5.199995 0.684243 0.106505 0.354827 -0.545904 0.547858 -0.437486 0.458744
5.209995 0.683981 0.105667 0.354588 -0.545899 0.548092 -0.437410 0.458543
5.219995 0.683980 0.105667 0.354588 -0.545899 0.548092 -0.437410 0.458543
5.229995 0.683980 0.105667 0.354588 -0.545899 0.548092 -0.437410 0.458543
5.239995 0.683980 0.105666 0.354588 -0.545899 0.548092 -0.437410 0.458543
5.249995 0.685803 0.100470 0.353101 -0.545290 0.547649 -0.439958 0.457358
5.259995 0.685500 0.099351 0.352860 -0.545204 0.547964 -0.439920 0.457119
5.269995 0.685197 0.098233 0.352620 -0.545118 0.548278 -0.439883 0.456881
5.279995 0.684894 0.097114 0.352379 -0.545033 0.548593 -0.439845 0.456642
5.289995 0.684580 0.096009 0.352120 -0.544960 0.548906 -0.439793 0.456402
5.299995 0.684262 0.094910 0.351852 -0.544894 0.549219 -0.439734 0.456162
5.309995 0.683944 0.093811 0.351584 -0.544827 0.549532 -0.439675 0.455922
5.319995 0.683626 0.092712 0.351316 -0.544761 0.549844 -0.439615 0.455681
5.329995 0.684384 0.095333 0.351955 -0.544919 0.549099 -0.439757 0.456254
5.339995 0.684551 0.095906 0.352095 -0.544954 0.548935 -0.439788 0.456380
5.349995 0.684232 0.094807 0.351827 -0.544888 0.549248 -0.439728 0.456139
5.359995 0.683914 0.093708 0.351559 -0.544821 0.549561 -0.439669 0.455899
5.369995 0.683596 0.092609 0.351291 -0.544755 0.549873 -0.439610 0.455659
5.379995 0.683470 0.092174 0.351185 -0.544728 0.549997 -0.439586 0.455564
5.389995 0.683470 0.092174 0.351185 -0.544728 0.549997 -0.439586 0.455564
5.399995 0.683470 0.092174 0.351185 -0.544728 0.549997 -0.439587 0.455564
5.409995 0.683007 0.093230 0.350499 -0.544955 0.549914 -0.439719 0.455265
5.419995 0.681340 0.097033 0.348032 -0.545773 0.549614 -0.440193 0.454188
5.429995 0.680482 0.097850 0.346927 -0.546024 0.549701 -0.440324 0.453654
5.439995 0.680127 0.096812 0.346668 -0.545924 0.550028 -0.440242 0.453456
5.449995 0.679772 0.095774 0.346409 -0.545824 0.550356 -0.440160 0.453258
5.459995 0.679416 0.094736 0.346151 -0.545724 0.550684 -0.440078 0.453061
5.469995 0.679055 0.093702 0.345885 -0.545628 0.551011 -0.439994 0.452859
5.479995 0.678686 0.092670 0.345609 -0.545537 0.551338 -0.439909 0.452653
5.489995 0.678317 0.091639 0.345333 -0.545447 0.551665 -0.439824 0.452447
5.499995 0.677948 0.090608 0.345058 -0.545356 0.551992 -0.439738 0.452241
5.509995 0.677683 0.089869 0.344860 -0.545290 0.552227 -0.439677 0.452094
5.519995 0.677683 0.089869 0.344860 -0.545290 0.552227 -0.439677 0.452094
5.529995 0.677683 0.089869 0.344860 -0.545290 0.552227 -0.439677 0.452094
5.539995 0.677683 0.089869 0.344860 -0.545290 0.552227 -0.439677 0.452094
5.549995 0.677683 0.089869 0.344860 -0.545290 0.552227 -0.439677 0.452094
5.559995 0.677683 0.089869 0.344860 -0.545290 0.552227 -0.439677 0.452094
5.569995 0.677683 0.089869 0.344860 -0.545290 0.552227 -0.439677 0.452094
5.579995 0.676579 0.081120 0.343736 -0.541995 0.554606 -0.445273 0.447644
5.589995 0.676198 0.080078 0.343467 -0.541850 0.554973 -0.445209 0.447428
5.599995 0.675817 0.079036 0.343198 -0.541705 0.555339 -0.445145 0.447212
5.609995 0.675436 0.077995 0.342929 -0.541560 0.555706 -0.445081 0.446996
5.619995 0.675049 0.076954 0.342658 -0.541417 0.556072 -0.445018 0.446778
5.629995 0.674653 0.075915 0.342380 -0.541279 0.556435 -0.444956 0.446554
5.639995 0.674256 0.074876 0.342103 -0.541141 0.556798 -0.444894 0.446331
5.649995 0.673859 0.073837 0.341826 -0.541002 0.557161 -0.444832 0.446108
5.659995 0.673957 0.074093 0.341894 -0.541036 0.557072 -0.444848 0.446163
5.669995 0.675015 0.076863 0.342633 -0.541405 0.556103 -0.445013 0.446758
5.679995 0.674618 0.075824 0.342356 -0.541267 0.556467 -0.444951 0.446535
5.689995 0.674221 0.074785 0.342079 -0.541128 0.556830 -0.444889 0.446311
5.699995 0.673825 0.073747 0.341802 -0.540990 0.557193 -0.444827 0.446088
5.709995 0.673538 0.072995 0.341601 -0.540889 0.557456 -0.444782 0.445926
5.719995 0.673538 0.072995 0.341601 -0.540889 0.557456 -0.444783 0.445926
5.729995 0.673538 0.072995 0.341601 -0.540889 0.557456 -0.444783 0.445926
5.739995 0.673538 0.072995 0.341601 -0.540889 0.557456 -0.444783 0.445926
5.749995 0.673844 0.069574 0.341970 -0.539901 0.558419 -0.444927 0.445775
5.759995 0.674170 0.065932 0.342363 -0.538846 0.559445 -0.445080 0.445612
5.769994 0.674497 0.062289 0.342755 -0.537791 0.560469 -0.445232 0.445448
5.779994 0.674823 0.058646 0.343148 -0.536734 0.561492 -0.445383 0.445283
5.789994 0.674594 0.057073 0.342989 -0.536438 0.561967 -0.445389 0.445034
5.799994 0.674216 0.056054 0.342681 -0.536346 0.562297 -0.445356 0.444762
5.809994 0.673838 0.055035 0.342374 -0.536254 0.562626 -0.445323 0.444490
5.819994 0.673460 0.054015 0.342066 -0.536162 0.562955 -0.445289 0.444218
5.829994 0.674472 0.056746 0.342890 -0.536409 0.562073 -0.445378 0.444947
5.839994 0.674599 0.057088 0.342993 -0.536440 0.561962 -0.445389 0.445038
5.849994 0.674221 0.056069 0.342686 -0.536348 0.562292 -0.445356 0.444766
5.859994 0.673843 0.055049 0.342378 -0.536255 0.562621 -0.445323 0.444494
5.869994 0.673465 0.054030 0.342071 -0.536163 0.562950 -0.445290 0.444222
5.879994 0.673317 0.053630 0.341950 -0.536127 0.563079 -0.445277 0.444116
5.889994 0.673316 0.053630 0.341950 -0.536127 0.563079 -0.445277 0.444116
5.899994 0.673316 0.053630 0.341950 -0.536127 0.563079 -0.445277 0.444116
5.909994 0.673262 0.053242 0.341772 -0.536005 0.563410 -0.445143 0.443977
5.919994 0.673073 0.051879 0.341145 -0.535577 0.564570 -0.444673 0.443491
5.929994 0.672884 0.050517 0.340519 -0.535148 0.565729 -0.444202 0.443004
5.939994 0.672672 0.049196 0.339938 -0.534744 0.566801 -0.443781 0.442543
5.949994 0.672277 0.048212 0.339734 -0.534554 0.567169 -0.443780 0.442302
5.959994 0.671881 0.047228 0.339529 -0.534364 0.567537 -0.443778 0.442061
5.969994 0.671485 0.046244 0.339325 -0.534173 0.567905 -0.443777 0.441820
5.979994 0.671089 0.045260 0.339121 -0.533983 0.568273 -0.443775 0.441579
5.989994 0.671872 0.047205 0.339525 -0.534359 0.567546 -0.443778 0.442056
5.999994 0.672710 0.049288 0.339957 -0.534762 0.566766 -0.443781 0.442566
6.009994 0.672314 0.048304 0.339753 -0.534572 0.567135 -0.443780 0.442325
6.019994 0.671918 0.047320 0.339549 -0.534382 0.567503 -0.443778 0.442084
6.029994 0.671522 0.046336 0.339344 -0.534191 0.567871 -0.443777 0.441843
6.039994 0.671127 0.045352 0.339140 -0.534001 0.568238 -0.443775 0.441601
6.049994 0.671066 0.045202 0.339109 -0.533972 0.568294 -0.443775 0.441565
6.059994 0.671066 0.045202 0.339109 -0.533972 0.568294 -0.443775 0.441565
6.069994 0.671066 0.045202 0.339109 -0.533972 0.568294 -0.443775 0.441565
6.079994 0.671100 0.047150 0.338229 -0.534358 0.567860 -0.444650 0.440775
6.089994 0.671153 0.050258 0.336825 -0.534973 0.567164 -0.446044 0.439515
6.099994 0.670834 0.049541 0.336592 -0.534821 0.567446 -0.446177 0.439201
6.109994 0.670489 0.048551 0.336443 -0.534614 0.567797 -0.446221 0.438955
6.119994 0.670143 0.047561 0.336293 -0.534407 0.568147 -0.446264 0.438709
6.129994 0.669798 0.046571 0.336144 -0.534201 0.568498 -0.446307 0.438463
6.139994 0.669446 0.045571 0.335979 -0.533991 0.568866 -0.446342 0.438206
6.149994 0.669092 0.044567 0.335810 -0.533781 0.569238 -0.446373 0.437946
6.159994 0.668737 0.043564 0.335640 -0.533571 0.569611 -0.446405 0.437685
6.169994 0.668383 0.042561 0.335471 -0.533360 0.569984 -0.446436 0.437425
6.179994 0.668241 0.042160 0.335403 -0.533276 0.570132 -0.446449 0.437321
6.189994 0.668241 0.042160 0.335403 -0.533276 0.570132 -0.446449 0.437321
6.199994 0.668241 0.042160 0.335403 -0.533276 0.570132 -0.446449 0.437321
6.209994 0.668241 0.042160 0.335403 -0.533276 0.570132 -0.446449 0.437321
6.219994 0.668241 0.042160 0.335403 -0.533276 0.570132 -0.446449 0.437321
6.229994 0.668241 0.042160 0.335403 -0.533276 0.570132 -0.446449 0.437321
6.239994 0.668241 0.042160 0.335403 -0.533276 0.570132 -0.446449 0.437321
6.249994 0.667826 0.038815 0.335104 -0.533326 0.569932 -0.448599 0.435315
6.259994 0.667389 0.035289 0.334788 -0.533375 0.569716 -0.450862 0.433196
6.269994 0.666995 0.032599 0.334512 -0.533377 0.569644 -0.452418 0.431662
6.279994 0.666694 0.031636 0.334316 -0.533295 0.569880 -0.452520 0.431345
6.289994 0.666392 0.030673 0.334120 -0.533213 0.570116 -0.452623 0.431027
6.299994 0.666090 0.029710 0.333925 -0.533130 0.570352 -0.452725 0.430709
6.309994 0.665788 0.028747 0.333726 -0.533046 0.570593 -0.452821 0.430393
6.319994 0.665487 0.027788 0.333509 -0.532952 0.570862 -0.452883 0.430087
6.329994 0.665186 0.026828 0.333292 -0.532859 0.571131 -0.452946 0.429780
6.339994 0.664884 0.025868 0.333075 -0.532765 0.571400 -0.453008 0.429473
6.349994 0.664583 0.024909 0.332858 -0.532671 0.571669 -0.453070 0.429166
6.359994 0.664581 0.024902 0.332856 -0.532671 0.571671 -0.453071 0.429164
6.369994 0.664581 0.024902 0.332856 -0.532671 0.571671 -0.453071 0.429164
6.379994 0.664581 0.024902 0.332856 -0.532671 0.571671 -0.453071 0.429164
6.389994 0.664581 0.024902 0.332856 -0.532671 0.571671 -0.453071 0.429164
6.399994 0.664581 0.024902 0.332856 -0.532671 0.571671 -0.453071 0.429164
6.409994 0.664745 0.023101 0.333586 -0.532269 0.571261 -0.453120 0.430155
6.419994 0.665323 0.016749 0.336162 -0.530845 0.569810 -0.453289 0.433646
6.429994 0.665368 0.013768 0.337050 -0.530288 0.569320 -0.453448 0.434804
6.439994 0.665095 0.012802 0.336929 -0.530251 0.569409 -0.453603 0.434570
6.449994 0.664821 0.011836 0.336809 -0.530215 0.569498 -0.453758 0.434336
6.459994 0.664548 0.010871 0.336688 -0.530178 0.569588 -0.453913 0.434101
6.469994 0.664278 0.009909 0.336556 -0.530134 0.569698 -0.454042 0.433875
6.479994 0.664011 0.008952 0.336410 -0.530081 0.569835 -0.454141 0.433657
6.489994 0.663744 0.007995 0.336264 -0.530028 0.569971 -0.454240 0.433439
6.499994 0.663478 0.007038 0.336118 -0.529975 0.570107 -0.454338 0.433222
6.509994 0.663289 0.006361 0.336014 -0.529937 0.570203 -0.454408 0.433068
6.519994 0.663289 0.006361 0.336014 -0.529937 0.570203 -0.454408 0.433068
6.529994 0.663289 0.006361 0.336014 -0.529937 0.570203 -0.454408 0.433068
6.539994 0.663289 0.006361 0.336014 -0.529937 0.570203 -0.454408 0.433068
6.549994 0.663289 0.006361 0.336014 -0.529937 0.570203 -0.454408 0.433068
6.559994 0.663289 0.006361 0.336014 -0.529937 0.570203 -0.454408 0.433068
6.569994 0.663289 0.006361 0.336014 -0.529937 0.570203 -0.454408 0.433068
6.579994 0.663853 0.006781 0.335521 -0.528153 0.571141 -0.455229 0.433150
6.589994 0.663580 0.005800 0.335450 -0.528041 0.571265 -0.455343 0.433003
6.599994 0.663306 0.004818 0.335379 -0.527929 0.571389 -0.455458 0.432856
6.609994 0.663033 0.003837 0.335308 -0.527816 0.571513 -0.455572 0.432708
6.619994 0.662759 0.002856 0.335234 -0.527703 0.571643 -0.455680 0.432562
6.629994 0.662490 0.001879 0.335139 -0.527581 0.571806 -0.455748 0.432423
6.639994 0.662220 0.000901 0.335043 -0.527460 0.571968 -0.455816 0.432285
6.649994 0.661950 -0.000076 0.334947 -0.527338 0.572131 -0.455884 0.432146
6.659994 0.661680 -0.001053 0.334852 -0.527216 0.572294 -0.455952 0.432008
6.669994 0.662675 0.002551 0.335204 -0.527665 0.571694 -0.455701 0.432519
6.679994 0.662405 0.001573 0.335109 -0.527543 0.571856 -0.455769 0.432380
6.689994 0.662135 0.000596 0.335013 -0.527422 0.572019 -0.455837 0.432242
6.699994 0.661865 -0.000382 0.334917 -0.527300 0.572182 -0.455905 0.432103
6.709994 0.661672 -0.001084 0.334849 -0.527213 0.572299 -0.455953 0.432004
6.719994 0.661672 -0.001084 0.334849 -0.527213 0.572299 -0.455953 0.432004
6.729994 0.661672 -0.001084 0.334849 -0.527213 0.572299 -0.455953 0.432004
6.739994 0.661672 -0.001084 0.334849 -0.527213 0.572299 -0.455953 0.432004
6.749994 0.661337 -0.000881 0.333563 -0.527683 0.572977 -0.455382 0.431131
6.759994 0.660986 -0.000669 0.332214 -0.528177 0.573688 -0.454782 0.430215
6.769994 0.660635 -0.000456 0.330865 -0.528669 0.574398 -0.454180 0.429298
6.779994 0.660284 -0.000244 0.329516 -0.529160 0.575107 -0.453578 0.428380
6.789994 0.660004 -0.000964 0.329126 -0.529181 0.575407 -0.453496 0.428037
6.799994 0.659743 -0.001935 0.328995 -0.529077 0.575597 -0.453554 0.427849
6.809994 0.659483 -0.002906 0.328863 -0.528972 0.575786 -0.453613 0.427661
6.819993 0.659222 -0.003877 0.328732 -0.528868 0.575976 -0.453671 0.427473
6.829993 0.659919 -0.001278 0.329083 -0.529148 0.575468 -0.453515 0.427976
6.839993 0.660007 -0.000950 0.329128 -0.529183 0.575404 -0.453495 0.428039
6.849993 0.659747 -0.001921 0.328996 -0.529078 0.575594 -0.453554 0.427851
6.859993 0.659486 -0.002892 0.328865 -0.528974 0.575784 -0.453612 0.427663
6.869993 0.659226 -0.003863 0.328733 -0.528869 0.575973 -0.453670 0.427475
6.879993 0.659123 -0.004245 0.328682 -0.528828 0.576048 -0.453693 0.427401
6.889993 0.659123 -0.004245 0.328682 -0.528828 0.576048 -0.453693 0.427401
6.899993 0.659123 -0.004245 0.328682 -0.528828 0.576048 -0.453694 0.427401
6.909993 0.659099 -0.004927 0.328605 -0.528482 0.576357 -0.454028 0.427057
6.919993 0.659015 -0.007229 0.328344 -0.527314 0.577399 -0.455152 0.425895
6.929993 0.658932 -0.009530 0.328084 -0.526144 0.578438 -0.456275 0.424730
6.939993 0.658849 -0.011832 0.327823 -0.524971 0.579473 -0.457395 0.423563
6.949993 0.658756 -0.013965 0.327577 -0.523922 0.580407 -0.458384 0.422513
6.959993 0.658584 -0.014837 0.327434 -0.523819 0.580592 -0.458415 0.422352
6.969993 0.658413 -0.015709 0.327291 -0.523717 0.580778 -0.458446 0.422190
6.979993 0.658242 -0.016581 0.327149 -0.523614 0.580964 -0.458477 0.422029
6.989993 0.658070 -0.017453 0.327006 -0.523511 0.581150 -0.458508 0.421867
6.999993 0.658753 -0.013976 0.327575 -0.523921 0.580409 -0.458385 0.422511
7.009993 0.658582 -0.014848 0.327432 -0.523818 0.580595 -0.458416 0.422350
7.019993 0.658411 -0.015720 0.327290 -0.523715 0.580781 -0.458447 0.422188
7.029993 0.658239 -0.016593 0.327147 -0.523612 0.580966 -0.458477 0.422027
7.039993 0.658068 -0.017465 0.327004 -0.523510 0.581152 -0.458508 0.421865
7.049993 0.658062 -0.017496 0.326999 -0.523506 0.581159 -0.458509 0.421859
7.059993 0.658062 -0.017496 0.326999 -0.523506 0.581159 -0.458509 0.421859
7.069993 0.658062 -0.017496 0.326999 -0.523506 0.581159 -0.458509 0.421859
7.079993 0.657807 -0.020217 0.327030 -0.522390 0.582257 -0.458168 0.422100
7.089993 0.657403 -0.024537 0.327078 -0.520615 0.583996 -0.457623 0.422480
7.099993 0.656999 -0.028856 0.327127 -0.518837 0.585732 -0.457076 0.422858
7.109993 0.656595 -0.033176 0.327175 -0.517055 0.587463 -0.456525 0.423232
7.119993 0.656302 -0.035991 0.327156 -0.515999 0.588518 -0.456210 0.423396
7.129993 0.656156 -0.036824 0.327047 -0.515903 0.588684 -0.456206 0.423287
7.139993 0.656010 -0.037657 0.326938 -0.515806 0.588850 -0.456203 0.423177
7.149993 0.655864 -0.038490 0.326828 -0.515709 0.589016 -0.456199 0.423067
7.159993 0.655945 -0.038029 0.326889 -0.515763 0.588924 -0.456201 0.423128
7.169993 0.656305 -0.035972 0.327158 -0.516001 0.588514 -0.456210 0.423399
7.179993 0.656159 -0.036805 0.327049 -0.515905 0.588680 -0.456206 0.423289
7.189993 0.656013 -0.037638 0.326940 -0.515808 0.588846 -0.456203 0.423179
7.199993 0.655867 -0.038471 0.326831 -0.515711 0.589013 -0.456200 0.423069
7.209993 0.655757 -0.039102 0.326748 -0.515638 0.589139 -0.456197 0.422986
7.219993 0.655757 -0.039102 0.326748 -0.515638 0.589139 -0.456197 0.422986
7.229993 0.655757 -0.039102 0.326748 -0.515638 0.589139 -0.456197 0.422986
7.239993 0.655757 -0.039102 0.326748 -0.515638 0.589139 -0.456197 0.422986
7.249993 0.654834 -0.039495 0.326174 -0.515902 0.589562 -0.456594 0.421645
7.259993 0.653863 -0.039907 0.325569 -0.516177 0.590006 -0.457010 0.420233
7.269993 0.652892 -0.040320 0.324965 -0.516452 0.590449 -0.457426 0.418820
7.279993 0.652593 -0.041084 0.324799 -0.516389 0.590690 -0.457496 0.418479
7.289993 0.652448 -0.041928 0.324733 -0.516250 0.590885 -0.457488 0.418385
7.299993 0.652303 -0.042773 0.324667 -0.516110 0.591080 -0.457480 0.418290
7.309993 0.652158 -0.043617 0.324601 -0.515970 0.591275 -0.457472 0.418195
7.319993 0.652317 -0.042693 0.324673 -0.516123 0.591062 -0.457481 0.418299
7.329993 0.652641 -0.040804 0.324821 -0.516436 0.590625 -0.457499 0.418511
7.339993 0.652597 -0.041060 0.324801 -0.516393 0.590684 -0.457497 0.418482
7.349993 0.652452 -0.041904 0.324735 -0.516254 0.590879 -0.457489 0.418387
7.359993 0.652307 -0.042748 0.324669 -0.516114 0.591074 -0.457481 0.418293
7.369993 0.652162 -0.043593 0.324603 -0.515975 0.591269 -0.457473 0.418198
7.379993 0.652106 -0.043915 0.324578 -0.515921 0.591344 -0.457470 0.418162
7.389993 0.652106 -0.043915 0.324578 -0.515921 0.591344 -0.457470 0.418162
7.399993 0.652106 -0.043915 0.324578 -0.515921 0.591344 -0.457470 0.418162
7.409993 0.652135 -0.043738 0.324381 -0.515820 0.591446 -0.457320 0.418306
7.419993 0.652242 -0.043077 0.323646 -0.515441 0.591826 -0.456764 0.418842
7.429993 0.652349 -0.042415 0.322912 -0.515063 0.592206 -0.456207 0.419377
7.439993 0.652438 -0.041876 0.322239 -0.514704 0.592563 -0.455700 0.419864
7.449993 0.652338 -0.042636 0.322225 -0.514565 0.592685 -0.455724 0.419837
7.459993 0.652237 -0.043396 0.322211 -0.514426 0.592807 -0.455747 0.419809
7.469993 0.652137 -0.044155 0.322198 -0.514287 0.592929 -0.455771 0.419782
7.479993 0.652037 -0.044915 0.322184 -0.514148 0.593051 -0.455794 0.419755
7.489993 0.652244 -0.043349 0.322212 -0.514434 0.592800 -0.455746 0.419811
7.499993 0.652433 -0.041911 0.322238 -0.514697 0.592569 -0.455702 0.419863
7.509993 0.652333 -0.042671 0.322224 -0.514558 0.592691 -0.455725 0.419835
7.519993 0.652233 -0.043430 0.322211 -0.514419 0.592813 -0.455749 0.419808
7.529993 0.652133 -0.044190 0.322197 -0.514280 0.592935 -0.455773 0.419781
7.539993 0.652033 -0.044950 0.322183 -0.514141 0.593057 -0.455796 0.419753
