2,1751881795.5876667,[0.6454795598983765, 0.051274873316287994, 0.4759124219417572, 0.005471461918205023, -0.9998964071273804, 0.013310441747307777, -0.10885023325681686, -0.013827076181769371, -0.9939619898796082]
3,1751881795.6644197,[0.6443345546722412, 0.05171108990907669, 0.4764735698699951, 0.005187998991459608, -0.9998869895935059, 0.014105020090937614, -0.10986977070569992, -0.014589769765734673, -0.9938388466835022]
4,1751881795.7488642,[0.643225908279419, 0.052037324756383896, 0.4770596921443939, 0.0048520006239414215, -0.9998819231987, 0.014576982706785202, -0.1109243631362915, -0.015025349333882332, -0.9937152862548828]
5,1751881795.8315327,[0.6421813368797302, 0.05227535218000412, 0.47765958309173584, 0.004473975393921137, -0.9998812675476074, 0.01475044060498476, -0.11202685534954071, -0.01515889074653387, -0.9935895800590515]
6,1751881795.9266374,[0.6412270069122314, 0.05245811492204666, 0.4782598614692688, 0.004076561890542507, -0.9998839497566223, 0.014670726843178272, -0.11318923532962799, -0.015037940815091133, -0.9934595227241516]
7,1751881796.0070531,[0.640380322933197, 0.052624814212322235, 0.478846937417984, 0.0036966768093407154, -0.999889612197876, 0.014391127042472363, -0.11441870778799057, -0.014719638973474503, -0.993323564529419]
8,1751881796.0936294,[0.6396470665931702, 0.05281223729252815, 0.4794093072414398, 0.00338572240434587, -0.9998968243598938, 0.013959457166492939, -0.11571118980646133, -0.014257499948143959, -0.9931806325912476]
9,1751881796.181738,[0.6390173435211182, 0.053051140159368515, 0.47993290424346924, 0.003194342367351055, -0.9999049305915833, 0.013413780368864536, -0.11705433577299118, -0.01369551569223404, -0.9930311441421509]
10,1751881796.266772,[0.6384732127189636, 0.05336756631731987, 0.4804059565067291, 0.0031768102198839188, -0.9999129772186279, 0.012796981260180473, -0.11842025816440582, -0.013083169236779213, -0.9928773045539856]
11,1751881796.3464515,[0.6379907727241516, 0.053784605115652084, 0.4808099865913391, 0.0033655723091214895, -0.9999204277992249, 0.012160338461399078, -0.11978791654109955, -0.01247597299516201, -0.9927211999893188]
12,1751881796.433141,[0.6375502943992615, 0.05432325601577759, 0.4811275899410248, 0.0037850062362849712, -0.9999258518218994, 0.011574257165193558, -0.12114368379116058, -0.01194759551435709, -0.9925631284713745]
13,1751881796.5149372,[0.6371393799781799, 0.05499570816755295, 0.48134660720825195, 0.004447473678737879, -0.9999282956123352, 0.011116765439510345, -0.12248227000236511, -0.011577880010008812, -0.9924031496047974]
14,1751881796.5982983,[0.6367552280426025, 0.055802274495363235, 0.4814680218696594, 0.0053548868745565414, -0.9999266862869263, 0.010861516930162907, -0.12380298227071762, -0.011441030539572239, -0.9922409057617188]
15,1751881796.694953,[0.6363970637321472, 0.05672530457377434, 0.4814974367618561, 0.006482854951173067, -0.9999200701713562, 0.010857680812478065, -0.1251213252544403, -0.011583689600229263, -0.9920737743377686]
16,1751881796.7774699,[0.6360887289047241, 0.05772856995463371, 0.4814477860927582, 0.0077704512514173985, -0.9999081492424011, 0.011105711571872234, -0.12646864354610443, -0.011999554000794888, -0.9918980002403259]
17,1751881796.86403,[0.6358464360237122, 0.058756496757268906, 0.48131564259529114, 0.009115524590015411, -0.9998915195465088, 0.01157501433044672, -0.12790346145629883, -0.01264629140496254, -0.9917060732841492]
18,1751881796.9443035,[0.6356886029243469, 0.0597403384745121, 0.48107752203941345, 0.010377684608101845, -0.9998717904090881, 0.012196050025522709, -0.1294984668493271, -0.013437861576676369, -0.9914886355400085]
19,1751881797.0269663,[0.6356484293937683, 0.0606050044298172, 0.48071739077568054, 0.011403229087591171, -0.9998517632484436, 0.012895563617348671, -0.1312887966632843, -0.014281847514212132, -0.9912412166595459]
20,1751881797.1154447,[0.6357664465904236, 0.06127791479229927, 0.48022541403770447, 0.012021293863654137, -0.9998356699943542, 0.013570698909461498, -0.13326890766620636, -0.015052634291350842, -0.9909656643867493]
21,1751881797.2009199,[0.6360734701156616, 0.06169049069285393, 0.4796110987663269, 0.012078442610800266, -0.9998278021812439, 0.014085309579968452, -0.13537411391735077, -0.015591714531183243, -0.9906718730926514]
22,1751881797.285237,[0.6365318894386292, 0.06183073669672012, 0.478913813829422, 0.011538876220583916, -0.99983149766922, 0.014277804642915726, -0.13749730587005615, -0.0157296285033226, -0.9903773069381714]
23,1751881797.370864,[0.6369714140892029, 0.061752963811159134, 0.47820472717285156, 0.010544265620410442, -0.9998460412025452, 0.014026377350091934, -0.13948142528533936, -0.015360687859356403, -0.9901055693626404]
24,1751881797.4694967,[0.6370770335197449, 0.06159069389104843, 0.4775942862033844, 0.00941606517881155, -0.9998664855957031, 0.013354879803955555, -0.14115048944950104, -0.01455077063292265, -0.9898812174797058]
25,1751881797.5427585,[0.6365264058113098, 0.061515405774116516, 0.4772128760814667, 0.008559182286262512, -0.9998860359191895, 0.012437136843800545, -0.14236706495285034, -0.013529389165341854, -0.9897214770317078]
26,1751881797.6238525,[0.6449480056762695, 0.05110965669155121, 0.47568970918655396, 0.005613790359348059, -0.9998891353607178, 0.013790068216621876, -0.10928594321012497, -0.014321143738925457, -0.9939071536064148]
27,1751881797.7210245,[0.6437035202980042, 0.05151679366827011, 0.47624075412750244, 0.005346077028661966, -0.9998779892921448, 0.014675769954919815, -0.1103556677699089, -0.015176251530647278, -0.9937761425971985]
28,1751881797.8029704,[0.6425003409385681, 0.05181579664349556, 0.47683343291282654, 0.005022775381803513, -0.9998713731765747, 0.015228901989758015, -0.11145393550395966, -0.01569395698606968, -0.9936455488204956]
29,1751881797.884646,[0.6413671970367432, 0.052032794803380966, 0.477456271648407, 0.00465142959728837, -0.9998693466186523, 0.015473905950784683, -0.11259544640779495, -0.01589934155344963, -0.9935135841369629]
30,1751881797.9725528,[0.6403316855430603, 0.0522044338285923, 0.4780955910682678, 0.004250799305737019, -0.999871551990509, 0.015454113483428955, -0.11379493027925491, -0.01583753153681755, -0.9933780431747437]
31,1751881798.0552375,[0.6394150853157043, 0.052371423691511154, 0.47873708605766296, 0.0038564347196370363, -0.9998766183853149, 0.015218209475278854, -0.115061454474926, -0.01556092593818903, -0.9932364225387573]
32,1751881798.1377292,[0.638621985912323, 0.052570804953575134, 0.4793664515018463, 0.0035150088369846344, -0.9998841285705566, 0.01480875350534916, -0.11639255285263062, -0.015117272734642029, -0.9930882453918457]
33,1751881798.225742,[0.6379442811012268, 0.05283196642994881, 0.47996753454208374, 0.0032831067219376564, -0.9998928904533386, 0.01426143292337656, -0.11777594685554504, -0.014548885636031628, -0.9929336309432983]
34,1751881798.3109221,[0.6373620629310608, 0.05317716300487518, 0.48051589727401733, 0.003203845815733075, -0.9999022483825684, 0.013607922941446304, -0.11919553577899933, -0.013892828486859798, -0.9927735924720764]
35,1751881798.3932242,[0.6368512511253357, 0.05362560600042343, 0.4809865355491638, 0.0033196154981851578, -0.9999111890792847, 0.01290162093937397, -0.12063152343034744, -0.013207893818616867, -0.9926093816757202]
36,1751881798.4831765,[0.6363888382911682, 0.054193757474422455, 0.48135271668434143, 0.00366104650311172, -0.9999186992645264, 0.012217018753290176, -0.12207214534282684, -0.012572611682116985, -0.9924416542053223]
37,1751881798.566306,[0.6359618902206421, 0.054895028471946716, 0.4816024899482727, 0.004262092523276806, -0.9999231100082397, 0.011643072590231895, -0.12350944429636002, -0.01208040677011013, -0.9922698140144348]
38,1751881798.65024,[0.635564386844635, 0.0557287372648716, 0.4817333519458771, 0.0051338644698262215, -0.9999234676361084, 0.011263133026659489, -0.12494112551212311, -0.011816420592367649, -0.9920939207077026]
39,1751881798.7335129,[0.6352006196975708, 0.056677594780921936, 0.4817551374435425, 0.006261262111365795, -0.9999184608459473, 0.011132881045341492, -0.12637890875339508, -0.011835088953375816, -0.9919114708900452]
40,1751881798.8168075,[0.6348781585693359, 0.057703834027051926, 0.4816697835922241, 0.007579381577670574, -0.9999078512191772, 0.011266278102993965, -0.12786175310611725, -0.01214319933205843, -0.9917176365852356]
41,1751881798.8998413,[0.634614109992981, 0.05875485762953758, 0.48147857189178467, 0.008993448689579964, -0.9998918771743774, 0.011640651151537895, -0.12944573163986206, -0.0127073023468256, -0.9915050864219666]
42,1751881798.9932396,[0.6344314217567444, 0.05976628512144089, 0.4811725616455078, 0.010370532050728798, -0.9998716711997986, 0.012205761857330799, -0.1311904489994049, -0.013461396098136902, -0.9912658333778381]
43,1751881799.0768864,[0.6343684792518616, 0.06065789610147476, 0.48073819279670715, 0.011532451957464218, -0.9998505711555481, 0.012880315072834492, -0.13313333690166473, -0.014301818795502186, -0.9909949898719788]
44,1751881799.162839,[0.6344687938690186, 0.06135306879878044, 0.48017239570617676, 0.012293368577957153, -0.9998324513435364, 0.013563474640250206, -0.13526414334774017, -0.015102642588317394, -0.990694522857666]
45,1751881799.2515426,[0.6347624063491821, 0.06179031729698181, 0.47949182987213135, 0.012493634596467018, -0.9998222589492798, 0.014119409956037998, -0.13752098381519318, -0.015704428777098656, -0.9903743267059326]
46,1751881799.333507,[0.6352106332778931, 0.06195691600441933, 0.47873610258102417, 0.012096052058041096, -0.9998235702514648, 0.014370898716151714, -0.13978882133960724, -0.015921656042337418, -0.9900532960891724]
47,1751881799.4183958,[0.6356325149536133, 0.06191176176071167, 0.47798287868499756, 0.011238569393754005, -0.9998359680175781, 0.014202753081917763, -0.14190568029880524, -0.015654651448130608, -0.9897565245628357]
48,1751881799.5095353,[0.6357086896896362, 0.06178171560168266, 0.4773402810096741, 0.01023660134524107, -0.9998549222946167, 0.013615962117910385, -0.1436811089515686, -0.014946121722459793, -0.9895111918449402]
49,1751881799.5894923,[0.6351082921028137, 0.06175322085618973, 0.4769464135169983, 0.009513604454696178, -0.9998728632926941, 0.01280065905302763, -0.1449880748987198, -0.014045268297195435, -0.9893336892127991]
50,1751881799.6705956,[0.6474348902702332, 0.04776694253087044, 0.4750168025493622, 0.005503279156982899, -0.9999756813049316, 0.004281966015696526, -0.1093171238899231, -0.004857973661273718, -0.9939950704574585]
51,1751881799.7672718,[0.6467456221580505, 0.04802319034934044, 0.47523173689842224, 0.0059290179051458836, -0.9999735355377197, 0.004236227832734585, -0.1100357174873352, -0.004862986505031586, -0.993915855884552]
52,1751881799.8479233,[0.6460692286491394, 0.04829346016049385, 0.4755203425884247, 0.006410240661352873, -0.9999706149101257, 0.0041832635179162025, -0.11066244542598724, -0.0048670354299247265, -0.99384605884552]
53,1751881799.9297106,[0.6454195976257324, 0.04859813302755356, 0.4758877158164978, 0.006945914123207331, -0.9999672174453735, 0.004165259655565023, -0.11119827628135681, -0.004911912139505148, -0.993786096572876]
54,1751881800.0152576,[0.6448103785514832, 0.048957716673612595, 0.4763348698616028, 0.007532790303230286, -0.9999626874923706, 0.004227397032082081, -0.11164985597133636, -0.0050421347841620445, -0.9937348365783691]
55,1751881800.1001265,[0.6442493200302124, 0.04938613995909691, 0.47685563564300537, 0.00816076435148716, -0.9999570846557617, 0.004397990647703409, -0.11202790588140488, -0.005284704267978668, -0.9936910271644592]
56,1751881800.1822007,[0.6437352895736694, 0.049881793558597565, 0.4774339199066162, 0.00880469661206007, -0.9999502301216125, 0.004669829737395048, -0.11235348135232925, -0.005629705265164375, -0.9936522841453552]
57,1751881800.2722032,[0.6432645320892334, 0.05042845383286476, 0.4780421555042267, 0.009429004043340683, -0.99994295835495, 0.0049933441914618015, -0.1126592606306076, -0.006024071015417576, -0.9936153292655945]
58,1751881800.355364,[0.6428279876708984, 0.05099949613213539, 0.47864043712615967, 0.009983410127460957, -0.999936044216156, 0.0052913702093064785, -0.11298294365406036, -0.006385743618011475, -0.9935763478279114]
59,1751881800.4418395,[0.6424186825752258, 0.05157279595732689, 0.4791867733001709, 0.010432358831167221, -0.9999305009841919, 0.005492100492119789, -0.11336083710193634, -0.006639658473432064, -0.9935317039489746]
60,1751881800.5287936,[0.6420344710350037, 0.05213775858283043, 0.47964709997177124, 0.010771910659968853, -0.9999266266822815, 0.005552748218178749, -0.11381800472736359, -0.006743069738149643, -0.9934787750244141]
61,1751881800.6112087,[0.6416810750961304, 0.052697766572237015, 0.4800106883049011, 0.011044483631849289, -0.9999241232872009, 0.005470842123031616, -0.11435361951589584, -0.006698315963149071, -0.9934176206588745]
62,1751881800.694916,[0.641363799571991, 0.05325979366898537, 0.4802771508693695, 0.011302950792014599, -0.9999221563339233, 0.005272597540169954, -0.1149575263261795, -0.006537396926432848, -0.9933487772941589]
63,1751881800.788048,[0.6410951614379883, 0.05382933095097542, 0.4804666042327881, 0.011612674221396446, -0.9999200105667114, 0.004992651287466288, -0.11560807377099991, -0.006302097346633673, -0.9932748079299927]
64,1751881800.8681414,[0.6408889293670654, 0.05440284684300423, 0.48059532046318054, 0.01201027911156416, -0.9999169707298279, 0.004652991890907288, -0.11630389839410782, -0.00601867213845253, -0.9931953549385071]
65,1751881800.9518175,[0.6407572031021118, 0.054957568645477295, 0.4806618094444275, 0.012482578866183758, -0.9999130964279175, 0.004244636278599501, -0.11706776171922684, -0.005677181761711836, -0.9931076765060425]
66,1751881801.0534036,[0.6407091617584229, 0.055464617908000946, 0.4806455969810486, 0.012983124703168869, -0.9999086856842041, 0.0037547661922872066, -0.11794845014810562, -0.0052603245712816715, -0.9930058121681213]
67,1751881801.1316295,[0.6407517194747925, 0.05588492006063461, 0.48050859570503235, 0.013423060066998005, -0.9999048709869385, 0.0031663498375564814, -0.11899375915527344, -0.004741528071463108, -0.9928836226463318]
68,1751881801.2101965,[0.6408977508544922, 0.0561768002808094, 0.48021912574768066, 0.013681136071681976, -0.9999033808708191, 0.002473566448315978, -0.12022896111011505, -0.004100867547094822, -0.9927376508712769]
69,1751881801.3030558,[0.6411586999893188, 0.05629931017756462, 0.4797539710998535, 0.01362141314893961, -0.9999059438705444, 0.0016377301653847098, -0.12164024263620377, -0.003282780759036541, -0.9925689101219177]
70,1751881801.3872285,[0.6415116190910339, 0.056248895823955536, 0.47913745045661926, 0.01317421905696392, -0.9999130368232727, 0.0006168866530060768, -0.12315435707569122, -0.00223484612070024, -0.9923850893974304]
71,1751881801.4700322,[0.6418513655662537, 0.056082576513290405, 0.47842180728912354, 0.01242245826870203, -0.9999226331710815, -0.0006521397735923529, -0.12465108931064606, -0.0009014893439598382, -0.9922002553939819]
72,1751881801.5600522,[0.6419347524642944, 0.055935993790626526, 0.4777478575706482, 0.011618038639426231, -0.9999303817749023, -0.0020985957235097885, -0.1259482353925705, 0.0006186558166518807, -0.9920367002487183]
73,1751881801.6476874,[0.6414448022842407, 0.055960942059755325, 0.4772946536540985, 0.011047461070120335, -0.9999329447746277, -0.0034936422016471624, -0.12692081928253174, 0.0020633672829717398, -0.9919107556343079]
74,1751881801.7231567,[0.6482266187667847, 0.0474824421107769, 0.4754469096660614, 0.006598972249776125, -0.9999721050262451, 0.0035118472296744585, -0.10749759525060654, -0.004200957249850035, -0.9941965937614441]
75,1751881801.811498,[0.6477545499801636, 0.04779260233044624, 0.4757233262062073, 0.0074777668341994286, -0.9999661445617676, 0.003443146124482155, -0.10786914825439453, -0.004229788202792406, -0.9941561222076416]
76,1751881801.8989565,[0.6473090052604675, 0.048128850758075714, 0.47604379057884216, 0.008392582647502422, -0.9999589920043945, 0.003397274063900113, -0.10816741734743118, -0.004285289440304041, -0.9941234588623047]
77,1751881801.9771943,[0.6469002962112427, 0.04850026220083237, 0.4764082133769989, 0.009327134117484093, -0.9999507665634155, 0.003398706903681159, -0.10839980095624924, -0.004389922134578228, -0.9940977096557617]
78,1751881802.069564,[0.6465352773666382, 0.048913344740867615, 0.476814329624176, 0.010266732424497604, -0.9999412298202515, 0.003476556856185198, -0.10857557505369186, -0.004570952616631985, -0.994077742099762]
79,1751881802.1518767,[0.6462172269821167, 0.04936926066875458, 0.4772581458091736, 0.011198041029274464, -0.999930739402771, 0.003643125994130969, -0.10870920866727829, -0.004839158151298761, -0.9940618276596069]
80,1751881802.2361197,[0.645942211151123, 0.049856286495923996, 0.4777300953865051, 0.012095476500689983, -0.9999192953109741, 0.0038784826174378395, -0.10881958156824112, -0.0051720403134822845, -0.9940481185913086]
81,1751881802.3349977,[0.6457024812698364, 0.05035180598497391, 0.47821301221847534, 0.012919103726744652, -0.9999080300331116, 0.004130624234676361, -0.10892822593450546, -0.005513744428753853, -0.9940343499183655]
82,1751881802.4186814,[0.6454895734786987, 0.05083272606134415, 0.4786818325519562, 0.013614603318274021, -0.9998978972434998, 0.004326135851442814, -0.10906266421079636, -0.0057856920175254345, -0.9940178990364075]
83,1751881802.50105,[0.6452996134757996, 0.051285166293382645, 0.4791102111339569, 0.014136629179120064, -0.9998904466629028, 0.004398169461637735, -0.10924831032752991, -0.005916817579418421, -0.9939968585968018]
84,1751881802.5957654,[0.6451348662376404, 0.051707714796066284, 0.4794762432575226, 0.01446499489247799, -0.9998860955238342, 0.004302304238080978, -0.10950477421283722, -0.005861010402441025, -0.9939689040184021]
85,1751881802.6780188,[0.645004153251648, 0.05210752412676811, 0.47977736592292786, 0.014625025913119316, -0.9998849630355835, 0.004026045091450214, -0.10982532799243927, -0.005608471110463142, -0.9939350485801697]
86,1751881802.7663844,[0.6449195146560669, 0.05249151214957237, 0.48002883791923523, 0.01466820016503334, -0.9998860955238342, 0.003572335233911872, -0.11018314957618713, -0.005167313851416111, -0.9938979148864746]
87,1751881802.8508313,[0.6448976993560791, 0.052857719361782074, 0.4802536964416504, 0.014649390242993832, -0.9998883605003357, 0.002944749779999256, -0.11054380238056183, -0.004546578507870436, -0.9938609004020691]
88,1751881802.9367726,[0.6449514031410217, 0.05319380387663841, 0.48046693205833435, 0.01460251584649086, -0.9998911023139954, 0.0021308811847120523, -0.11089446395635605, -0.0037374685052782297, -0.9938251972198486]
89,1751881803.0168924,[0.6450872421264648, 0.05347980558872223, 0.48066240549087524, 0.01453503966331482, -0.9998937845230103, 0.0011004885891452432, -0.11125826090574265, -0.002711083274334669, -0.9937878251075745]
90,1751881803.1109035,[0.645300567150116, 0.05369122326374054, 0.48080939054489136, 0.014434196054935455, -0.9998959302902222, -0.00016366183990612626, -0.11167482286691666, -0.0014494492206722498, -0.993743896484375]
91,1751881803.1912808,[0.6455769538879395, 0.053801264613866806, 0.48085567355155945, 0.01425604335963726, -0.9998970031738281, -0.0016612547915428877, -0.11218645423650742, 5.14380335516762e-05, -0.9936871528625488]
92,1751881803.2756536,[0.6458950042724609, 0.05379126965999603, 0.48077574372291565, 0.013958102092146873, -0.9998970031738281, -0.003351023653522134, -0.1127854436635971, 0.0017555472441017628, -0.9936178922653198]
93,1751881803.3622677,[0.6462333798408508, 0.05363889038562775, 0.480541855096817, 0.013468440622091293, -0.9998957514762878, -0.005216410383582115, -0.113446906208992, 0.003655127715319395, -0.993537425994873]
94,1751881803.4462984,[0.6465433835983276, 0.0533599853515625, 0.4801868200302124, 0.012795486487448215, -0.999891996383667, -0.007223108783364296, -0.11408853530883789, 0.005716626066714525, -0.9934541583061218]
95,1751881803.528215,[0.6467174887657166, 0.05302203446626663, 0.4797792434692383, 0.012047816999256611, -0.9998840093612671, -0.009317365474998951, -0.11461596935987473, 0.007875713519752026, -0.9933786392211914]
96,1751881803.6191585,[0.6465612649917603, 0.052759800106287, 0.4794568121433258, 0.011443576775491238, -0.9998700618743896, -0.011351475492119789, -0.11494562029838562, 0.009961573407053947, -0.9933217763900757]
97,1751881803.701997,[0.645878255367279, 0.05271279066801071, 0.4793509244918823, 0.011171186342835426, -0.9998515844345093, -0.01311325654387474, -0.11510784924030304, 0.011741033755242825, -0.9932836294174194]
98,1751881803.7829716,[0.6486496329307556, 0.047399383038282394, 0.47522270679473877, 0.0070547000505030155, -0.9999715089797974, 0.0026997814420610666, -0.10791250318288803, -0.0034453882835805416, -0.9941545128822327]
99,1751881803.874322,[0.6482442617416382, 0.04771902784705162, 0.4754994511604309, 0.008193491026759148, -0.9999634027481079, 0.002470698207616806, -0.10839816927909851, -0.003344407770782709, -0.9941020011901855]
100,1751881803.9564898,[0.6478644609451294, 0.04806673154234886, 0.4758125841617584, 0.009360297583043575, -0.9999536871910095, 0.0022625024430453777, -0.10882320255041122, -0.003267822554334998, -0.9940558075904846]
101,1751881804.044216,[0.6475213766098022, 0.04844685271382332, 0.4761601984500885, 0.010534564033150673, -0.9999423623085022, 0.002091998001560569, -0.10919907689094543, -0.003230027388781309, -0.9940146803855896]
102,1751881804.1364725,[0.6472216248512268, 0.0488608218729496, 0.4765394330024719, 0.011700552888214588, -0.999929666519165, 0.0019807699136435986, -0.10954024642705917, -0.0032507500145584345, -0.9939770698547363]
103,1751881804.212374,[0.6469656229019165, 0.049300942569971085, 0.47694581747055054, 0.01283690519630909, -0.9999157190322876, 0.0019323364831507206, -0.10986369103193283, -0.0033312190789729357, -0.993941068649292]
104,1751881804.2953694,[0.646747887134552, 0.04974975064396858, 0.4773726463317871, 0.013916301541030407, -0.9999013543128967, 0.0019255011575296521, -0.11018434911966324, -0.0034474642015993595, -0.9939051866531372]
105,1751881804.3874838,[0.6465592384338379, 0.050183139741420746, 0.47780805826187134, 0.014890347607433796, -0.9998874068260193, 0.0019092740258201957, -0.11051546782255173, -0.0035435794852674007, -0.9938682317733765]
106,1751881804.4696307,[0.646389901638031, 0.05058160796761513, 0.4782325327396393, 0.015694528818130493, -0.9998751878738403, 0.001824525068514049, -0.11087095737457275, -0.0035537760704755783, -0.9938284754753113]
107,1751881804.5535746,[0.6462367177009583, 0.050937868654727936, 0.4786243140697479, 0.016266096383333206, -0.9998664259910583, 0.0016191222239285707, -0.11126501113176346, -0.0034193634055554867, -0.9937849044799805]
108,1751881804.6537287,[0.6461033225059509, 0.05125933513045311, 0.47896841168403625, 0.01657317392528057, -0.9998618960380554, 0.0012683126842603087, -0.1117018610239029, -0.0031120532657951117, -0.9937368631362915]
109,1751881804.7388508,[0.6460020542144775, 0.05155658721923828, 0.4792655408382416, 0.016624318435788155, -0.9998615384101868, 0.00076509133214131, -0.11216416954994202, -0.002625277265906334, -0.9936862587928772]
110,1751881804.8247645,[0.6459481120109558, 0.051836904138326645, 0.4795330762863159, 0.016461947932839394, -0.9998645186424255, 0.00011392791930120438, -0.11261329054832458, -0.001967303454875946, -0.9936370253562927]
111,1751881804.9115806,[0.6459546089172363, 0.052101392298936844, 0.4797952175140381, 0.01614420861005783, -0.9998694658279419, -0.0006840031710453331, -0.11301356554031372, -0.0011450437596067786, -0.9935927987098694]
112,1751881804.9954245,[0.6460317373275757, 0.0523386113345623, 0.48006585240364075, 0.015720639377832413, -0.9998750686645508, -0.0016463809879496694, -0.113349549472332, -0.00014617583656217903, -0.9935551881790161]
113,1751881805.0838408,[0.6461790800094604, 0.05253128334879875, 0.48033735156059265, 0.015228127129375935, -0.9998801946640015, -0.002798826200887561, -0.11363864690065384, 0.0010503167286515236, -0.9935216903686523]
114,1751881805.1713636,[0.6463852524757385, 0.05266343802213669, 0.48058417439460754, 0.014692038297653198, -0.9998834133148193, -0.004155728965997696, -0.11391434818506241, 0.002455316949635744, -0.9934874773025513]
115,1751881805.2523527,[0.6466259360313416, 0.05271640047430992, 0.48076340556144714, 0.01411043293774128, -0.9998841881752014, -0.005708921235054731, -0.11420872062444687, 0.00406045513227582, -0.9934484958648682]
116,1751881805.3367896,[0.6468728184700012, 0.052670858800411224, 0.4808390140533447, 0.013461578637361526, -0.9998818039894104, -0.0074294996447861195, -0.11452270299196243, 0.00583952572196722, -0.9934034943580627]
117,1751881805.4333668,[0.6470974683761597, 0.05250798538327217, 0.48079630732536316, 0.012723074294626713, -0.9998759627342224, -0.009276393800973892, -0.11481570452451706, 0.0077549186535179615, -0.9933564066886902]
118,1751881805.5146985,[0.6472578048706055, 0.05223844200372696, 0.48066508769989014, 0.01192473154515028, -0.9998660087585449, -0.011216296814382076, -0.11502262949943542, 0.009771010838449001, -0.9933148622512817]
119,1751881805.5955973,[0.6472656726837158, 0.051926467567682266, 0.48051580786705017, 0.011183568276464939, -0.9998503923416138, -0.01319549698382616, -0.1150851845741272, 0.011821599677205086, -0.9932852387428284]
120,1751881805.6837263,[0.6469699740409851, 0.05168364197015762, 0.48044654726982117, 0.010663498193025589, -0.999829113483429, -0.015099246054887772, -0.11499916017055511, 0.013773689977824688, -0.9932700395584106]
121,1751881805.7758777,[0.6462301015853882, 0.05163034424185753, 0.4805485010147095, 0.010480151511728764, -0.9998044371604919, -0.016773438081145287, -0.114860899746418, 0.015459670685231686, -0.9932612776756287]
122,1751881805.8475895,[0.6492717266082764, 0.046811334788799286, 0.47519758343696594, 0.006789015140384436, -0.9999746680259705, 0.002129713771864772, -0.1077575832605362, -0.0028489441610872746, -0.9941731095314026]
123,1751881805.9372838,[0.6489743590354919, 0.047051623463630676, 0.475447416305542, 0.007934209890663624, -0.9999670386314392, 0.0017533397767692804, -0.10825376212596893, -0.002602023771032691, -0.9941199421882629]
124,1751881806.0201006,[0.6487002372741699, 0.047324251383543015, 0.4757278263568878, 0.009105599485337734, -0.9999576210975647, 0.0014016905333846807, -0.10868927091360092, -0.002383164595812559, -0.9940730333328247]
125,1751881806.104115,[0.6484628915786743, 0.0476352721452713, 0.4760372042655945, 0.010279473848640919, -0.9999465942382812, 0.0010854328284040093, -0.10908204317092896, -0.002200376708060503, -0.9940303564071655]
126,1751881806.1940188,[0.6482695937156677, 0.04798734560608864, 0.47637492418289185, 0.011438208632171154, -0.9999343156814575, 0.0008224517805501819, -0.1094488725066185, -0.0020695440471172333, -0.9939903020858765]
127,1751881806.277519,[0.6481218934059143, 0.04837655648589134, 0.4767402112483978, 0.012566217221319675, -0.9999208450317383, 0.0006169881671667099, -0.10980743914842606, -0.001993277808651328, -0.9939508438110352]
128,1751881806.3604345,[0.6480123400688171, 0.048788461834192276, 0.4771323800086975, 0.013640642166137695, -0.9999068975448608, 0.0004487489350140095, -0.11016715317964554, -0.0019489486003294587, -0.99391108751297]
129,1751881806.4601874,[0.6479291915893555, 0.049201879650354385, 0.47754475474357605, 0.014617813751101494, -0.9998931288719177, 0.00026991221238859, -0.11053495854139328, -0.0018842385616153479, -0.9938704371452332]
130,1751881806.5348825,[0.6478608846664429, 0.04959695786237717, 0.477963387966156, 0.015435423702001572, -0.999880850315094, 2.1913559976383112e-05, -0.11091549694538116, -0.0017340123886242509, -0.9938283562660217]
131,1751881806.61887,[0.6478001475334167, 0.04996456205844879, 0.47836968302726746, 0.016028331592679024, -0.9998714327812195, -0.00034193031024187803, -0.11131470650434494, -0.0014445700217038393, -0.9937840700149536]
132,1751881806.7085383,[0.6477489471435547, 0.05030788481235504, 0.4787496030330658, 0.016359852626919746, -0.9998658299446106, -0.0008411808521486819, -0.11173155158758163, -0.0009921316523104906, -0.9937379956245422]
133,1751881806.7905273,[0.6477169394493103, 0.050636403262615204, 0.4791032373905182, 0.016435759142041206, -0.999863862991333, -0.0014703635824844241, -0.11214784532785416, -0.0003821989521384239, -0.9936914443969727]
134,1751881806.8749144,[0.6477172374725342, 0.050955284386873245, 0.47944360971450806, 0.016289878636598587, -0.9998648762702942, -0.0022190152667462826, -0.11253051459789276, 0.0003718624357134104, -0.9936482906341553]
135,1751881806.9613307,[0.6477603912353516, 0.05125978961586952, 0.4797869324684143, 0.015965411439538002, -0.9998677968978882, -0.0030895653180778027, -0.11285136640071869, 0.0012682753149420023, -0.9936110377311707]
136,1751881807.0522864,[0.6478576064109802, 0.051546890288591385, 0.48015153408050537, 0.015531088225543499, -0.9998710751533508, -0.004085850901901722, -0.1130952313542366, 0.002303430577740073, -0.9935815334320068]
137,1751881807.1286001,[0.648004949092865, 0.05180167034268379, 0.48052629828453064, 0.01501994114369154, -0.9998735189437866, -0.005235283635556698, -0.11328436434268951, 0.0035004683304578066, -0.9935564398765564]
138,1751881807.2199,[0.6481860876083374, 0.05201255530118942, 0.48088541626930237, 0.014466041699051857, -0.9998739361763, -0.006546900141984224, -0.1134520098567009, 0.004863964393734932, -0.9935315847396851]
139,1751881807.301757,[0.64837646484375, 0.05215877667069435, 0.48118317127227783, 0.013869927264750004, -0.9998716711997986, -0.008018345572054386, -0.1136249452829361, 0.006391102448105812, -0.993503212928772]
140,1751881807.388164,[0.6485517621040344, 0.05222661793231964, 0.4813920259475708, 0.013234567828476429, -0.9998663067817688, -0.009608847089111805, -0.11379177868366241, 0.00804121233522892, -0.993472158908844]
141,1751881807.4806986,[0.6486977338790894, 0.05220089107751846, 0.48150110244750977, 0.012554477900266647, -0.9998575448989868, -0.011282520368695259, -0.1139153465628624, 0.009779778309166431, -0.9934422969818115]
142,1751881807.5608385,[0.6487932205200195, 0.05208386108279228, 0.48152977228164673, 0.01184204500168562, -0.9998450875282288, -0.013020633719861507, -0.11395930498838425, 0.011587213724851608, -0.9934177994728088]
143,1751881807.643877,[0.648780107498169, 0.0519142746925354, 0.4815220832824707, 0.01116816233843565, -0.9998279809951782, -0.014807822182774544, -0.11390740424394608, 0.013440271839499474, -0.9934004545211792]
144,1751881807.7337182,[0.6485456824302673, 0.0517682284116745, 0.4815422594547272, 0.010633556172251701, -0.9998053312301636, -0.016619475558400154, -0.11378458142280579, 0.01530262641608715, -0.9933875799179077]
145,1751881807.8149629,[0.6479530334472656, 0.0517241470515728, 0.48165348172187805, 0.01030667033046484, -0.9997782111167908, -0.018363889306783676, -0.11366841197013855, 0.01707441918551922, -0.9933719635009766]
146,1751881807.8935676,[0.649308979511261, 0.04660525545477867, 0.4749811291694641, 0.006966947112232447, -0.9999745488166809, 0.0015473855892196298, -0.10796624422073364, -0.0022905897349119186, -0.9941518902778625]
147,1751881807.985562,[0.6490285396575928, 0.046791836619377136, 0.47518861293792725, 0.008135287091135979, -0.9999663829803467, 0.0010204113787040114, -0.10845505446195602, -0.0018967672949656844, -0.994099497795105]
148,1751881808.0693388,[0.6487742066383362, 0.04701078683137894, 0.4754306972026825, 0.009341861121356487, -0.9999562501907349, 0.0005198528524488211, -0.10887866467237473, -0.0015339580131694674, -0.994053840637207]
149,1751881808.15099,[0.6485547423362732, 0.047268714755773544, 0.47570791840553284, 0.010564676485955715, -0.9999442100524902, 6.533916166517884e-05, -0.10924860090017319, -0.0012191924033686519, -0.9940138459205627]
150,1751881808.2375073,[0.6483796834945679, 0.047571949660778046, 0.4760216474533081, 0.011795274913311005, -0.9999303817749023, -0.00032217620173469186, -0.10958177596330643, -0.0009723792318254709, -0.9939773082733154]
151,1751881808.3209114,[0.6482495665550232, 0.0479186587035656, 0.4763730764389038, 0.01302212756127119, -0.9999149441719055, -0.0006346336449496448, -0.10989410430192947, -0.0008003332768566906, -0.99394291639328]
152,1751881808.4075754,[0.6481585502624512, 0.048296693712472916, 0.4767615497112274, 0.014223435893654823, -0.9998984932899475, -0.0008933070348575711, -0.11019925773143768, -0.0006796150119043887, -0.9939093589782715]
153,1751881808.497413,[0.6480928659439087, 0.048683907836675644, 0.477178156375885, 0.015346847474575043, -0.9998815655708313, -0.0011462066322565079, -0.11050581932067871, -0.0005567952757701278, -0.99387526512146]
154,1751881808.5804627,[0.6480411291122437, 0.04905914515256882, 0.4776057302951813, 0.016319137066602707, -0.9998657703399658, -0.0014560859417542815, -0.11082347482442856, -0.00036147539503872395, -0.9938400983810425]
155,1751881808.664049,[0.6479948163032532, 0.049410630017519, 0.47801849246025085, 0.017055964097380638, -0.9998527765274048, -0.0018749631708487868, -0.11116615682840347, -3.270907836849801e-05, -0.9938018321990967]
156,1751881808.7560313,[0.6479607224464417, 0.049741122871637344, 0.47840216755867004, 0.01751856505870819, -0.9998435974121094, -0.0024239078629761934, -0.11153220385313034, 0.0004549715667963028, -0.9937607049942017]
157,1751881808.8359425,[0.6479494571685791, 0.05005943030118942, 0.478753924369812, 0.01770046167075634, -0.9998384714126587, -0.0031005707569420338, -0.11190640926361084, 0.001100475899875164, -0.9937180280685425]
158,1751881808.9227648,[0.6479734182357788, 0.05036979168653488, 0.47907835245132446, 0.017617659643292427, -0.9998372793197632, -0.003900068812072277, -0.1122688427567482, 0.001897800131700933, -0.9936761260032654]
159,1751881809.0166643,[0.6480459570884705, 0.05067098140716553, 0.47939273715019226, 0.017322354018688202, -0.9998384118080139, -0.004816659726202488, -0.11259182542562485, 0.002836116123944521, -0.9936373233795166]
160,1751881809.0970674,[0.6481731534004211, 0.05095886066555977, 0.4797077178955078, 0.01687173917889595, -0.999840497970581, -0.005856942851096392, -0.1128704771399498, 0.003915773238986731, -0.99360191822052]
161,1751881809.178361,[0.6483521461486816, 0.05121515318751335, 0.48001405596733093, 0.016308261081576347, -0.9998422861099243, -0.007040613796561956, -0.11311998963356018, 0.005151350516825914, -0.9935680627822876]
162,1751881809.2670188,[0.6485661864280701, 0.051429785788059235, 0.4802897572517395, 0.015672095119953156, -0.9998421669006348, -0.008371621370315552, -0.11337273567914963, 0.0065417103469371796, -0.9935310482978821]
163,1751881809.3484037,[0.6487914323806763, 0.051586806774139404, 0.48050281405448914, 0.014986101537942886, -0.9998394250869751, -0.009832850657403469, -0.11364629864692688, 0.00806700624525547, -0.993488609790802]
164,1751881809.4372532,[0.6490050554275513, 0.051670532673597336, 0.48062196373939514, 0.014243380166590214, -0.9998337030410767, -0.011391990818083286, -0.11394014954566956, 0.009695982560515404, -0.9934402704238892]
165,1751881809.520692,[0.6491919159889221, 0.05165809020400047, 0.48063936829566956, 0.013431210070848465, -0.9998250007629395, -0.013020047917962074, -0.1142120212316513, 0.01140198577195406, -0.9933908581733704]
166,1751881809.6057234,[0.649330198764801, 0.05155206099152565, 0.48057687282562256, 0.012581715360283852, -0.9998127222061157, -0.0147060826420784, -0.11441342532634735, 0.013171177357435226, -0.9933459162712097]
167,1751881809.688044,[0.6493602395057678, 0.05139335244894028, 0.4804857671260834, 0.011777904815971851, -0.9997954964637756, -0.016440914943814278, -0.1145097091794014, 0.014985292218625546, -0.9933090806007385]
168,1751881809.7834425,[0.6491591930389404, 0.05126277357339859, 0.48043256998062134, 0.0111386114731431, -0.9997726082801819, -0.018183613196015358, -0.11451715975999832, 0.016789663583040237, -0.9932794570922852]
169,1751881809.8630927,[0.6485893726348877, 0.05123598128557205, 0.48048126697540283, 0.01073141023516655, -0.99974524974823, -0.01985596865415573, -0.11450301855802536, 0.0184978898614645, -0.9932506680488586]
170,1751881809.9436052,[0.6493610739707947, 0.046439141035079956, 0.47497743368148804, 0.0067123956978321075, -0.9999762177467346, 0.0016014203429222107, -0.10771511495113373, -0.002315180143341422, -0.9941791296005249]
171,1751881810.0312707,[0.6490864157676697, 0.046592362225055695, 0.4751879572868347, 0.00783558189868927, -0.9999687671661377, 0.0010602944530546665, -0.1081835925579071, -0.0019018104067072272, -0.9941291809082031]
172,1751881810.1153553,[0.6488368511199951, 0.04677578806877136, 0.47542449831962585, 0.00898733176290989, -0.9999594688415527, 0.0005395496264100075, -0.10859659314155579, -0.001512412796728313, -0.9940847754478455]
173,1751881810.197906,[0.6486228704452515, 0.046994276344776154, 0.4756872355937958, 0.010149878449738026, -0.9999485611915588, 5.2680534281535074e-05, -0.10896782577037811, -0.0011584361782297492, -0.9940447211265564]
174,1751881810.2881122,[0.6484513282775879, 0.047251828014850616, 0.4759767949581146, 0.011313855648040771, -0.9999358654022217, -0.0003825618186965585, -0.10931430757045746, -0.0008565517491661012, -0.994006872177124]
175,1751881810.371279,[0.6483240723609924, 0.04754567891359329, 0.4762955904006958, 0.01247643493115902, -0.9999219179153442, -0.0007601840770803392, -0.10965058952569962, -0.0006124962237663567, -0.9939700365066528]
176,1751881810.455744,[0.6482346057891846, 0.04786508157849312, 0.476644903421402, 0.01362268254160881, -0.999906599521637, -0.0010981583036482334, -0.1099858358502388, -0.0004068442212883383, -0.9939330220222473]
177,1751881810.548218,[0.6481723785400391, 0.048193734139204025, 0.47702187299728394, 0.014716658741235733, -0.9998906254768372, -0.0014381117653101683, -0.11032294481992722, -0.00019427308870945126, -0.9938957691192627]
178,1751881810.6285634,[0.6481236219406128, 0.04851605370640755, 0.4774123430252075, 0.01568448729813099, -0.9998753070831299, -0.0018356239888817072, -0.11066753417253494, 8.859633817337453e-05, -0.9938574433326721]
179,1751881810.7138026,[0.6480830311775208, 0.048827048391103745, 0.4777975082397461, 0.016450904309749603, -0.9998618960380554, -0.0023342000786215067, -0.11102558672428131, 0.0004933654563501477, -0.9938173890113831]
180,1751881810.8049948,[0.6480518579483032, 0.04913322255015373, 0.47816231846809387, 0.016965577378869057, -0.9998517036437988, -0.002947117667645216, -0.11139720678329468, 0.0010390097741037607, -0.9937753677368164]
181,1751881810.8784468,[0.6480401754379272, 0.049442823976278305, 0.47850364446640015, 0.017213700339198112, -0.9998450875282288, -0.003672780003398657, -0.11176644265651703, 0.001726116519421339, -0.9937331080436707]
182,1751881810.9629135,[0.6480622291564941, 0.049758560955524445, 0.478832870721817, 0.017214501276612282, -0.9998416304588318, -0.0045064641162753105, -0.11210131645202637, 0.0025486797094345093, -0.993693470954895]
183,1751881811.059521,[0.6481305360794067, 0.05007437989115715, 0.479166716337204, 0.01700267568230629, -0.9998406171798706, -0.005456187762320042, -0.11237399280071259, 0.0035114961210638285, -0.9936598539352417]
184,1751881811.1431391,[0.6482521891593933, 0.05037772282958031, 0.4795142114162445, 0.01661640778183937, -0.999840497970581, -0.006545601412653923, -0.11257720738649368, 0.004634030628949404, -0.9936321377754211]
185,1751881811.2238708,[0.6484232544898987, 0.05065324530005455, 0.47986775636672974, 0.016096413135528564, -0.9998400211334229, -0.007804263383150101, -0.11273176223039627, 0.005940749775618315, -0.993607759475708]
186,1751881811.314286,[0.6486255526542664, 0.05088549107313156, 0.48019757866859436, 0.015471989288926125, -0.9998375773429871, -0.00924963690340519, -0.11287415772676468, 0.007445088587701321, -0.9935814142227173]
187,1751881811.3983495,[0.6488309502601624, 0.05105876922607422, 0.4804656207561493, 0.014765237458050251, -0.9998319745063782, -0.010867128148674965, -0.11302509158849716, 0.009129729121923447, -0.993550181388855]
188,1751881811.482514,[0.6490145921707153, 0.051155805587768555, 0.4806474447250366, 0.013985893689095974, -0.9998226165771484, -0.012614600360393524, -0.11317168176174164, 0.010951931588351727, -0.993515133857727]
189,1751881811.5728633,[0.6491600275039673, 0.05115072429180145, 0.4807288944721222, 0.013129455968737602, -0.999809205532074, -0.014460885897278786, -0.1132834330201149, 0.012881698086857796, -0.9934791922569275]
190,1751881811.6542323,[0.6492458581924438, 0.051039449870586395, 0.48073410987854004, 0.012230495922267437, -0.999791145324707, -0.01637166179716587, -0.11331597715616226, 0.014881584793329239, -0.9934475421905518]
191,1751881811.7438042,[0.6492278575897217, 0.05085078254342079, 0.4807012975215912, 0.011384711600840092, -0.9997668266296387, -0.01835097372531891, -0.11326257139444351, 0.016944725066423416, -0.9934206008911133]
192,1751881811.8277376,[0.6489974856376648, 0.050670407712459564, 0.4807066321372986, 0.010720477439463139, -0.999735951423645, -0.020325616002082825, -0.1131439059972763, 0.018983466550707817, -0.9933972954750061]
193,1751881811.9092534,[0.6484321355819702, 0.05057839676737785, 0.48080557584762573, 0.010297209955751896, -0.9997002482414246, -0.022210730239748955, -0.11304982006549835, 0.020905626937747, -0.9933694005012512]
194,1751881811.9900067,[0.6498763561248779, 0.04622277244925499, 0.4746606945991516, 0.006166307721287012, -0.9999805092811584, 0.0010327334748581052, -0.10814224183559418, -0.0016935468884184957, -0.9941341280937195]
195,1751881812.0852385,[0.6496621370315552, 0.046337638050317764, 0.4748082756996155, 0.007160672452300787, -0.9999743700027466, 0.0003667301789391786, -0.10866531729698181, -0.0011427042772993445, -0.994077742099762]
196,1751881812.1644034,[0.6494641900062561, 0.04648343101143837, 0.47499191761016846, 0.008189587853848934, -0.9999664425849915, -0.0002756252943072468, -0.10911528021097183, -0.0006196503527462482, -0.9940289855003357]
197,1751881812.2478065,[0.6492952704429626, 0.046668440103530884, 0.47521471977233887, 0.009245692752301693, -0.9999569058418274, -0.0008775265887379646, -0.10950588434934616, -0.0001402145717293024, -0.9939862489700317]
198,1751881812.3344204,[0.6491624712944031, 0.046900611370801926, 0.4754813611507416, 0.01032976619899273, -0.9999457001686096, -0.0014144276501610875, -0.10985124111175537, 0.0002711446722969413, -0.9939480423927307]
199,1751881812.4184191,[0.6490660309791565, 0.04718171805143356, 0.4757969379425049, 0.01144363358616829, -0.9999327659606934, -0.001873054075986147, -0.11016348749399185, 0.0006010232027620077, -0.9939132928848267]
200,1751881812.5018022,[0.6489992737770081, 0.04750409722328186, 0.47616520524024963, 0.012572991661727428, -0.9999184012413025, -0.0022693525534123182, -0.11044923961162567, 0.0008668606169521809, -0.9938814640045166]
201,1751881812.5957365,[0.6489502787590027, 0.04784846678376198, 0.47658151388168335, 0.013670816086232662, -0.9999030828475952, -0.0026486648712307215, -0.11070942133665085, 0.0011190020013600588, -0.9938521385192871]
202,1751881812.6786869,[0.6489105820655823, 0.04819316044449806, 0.4770324230194092, 0.014662639237940311, -0.9998877048492432, -0.0030724522657692432, -0.11094557493925095, 0.001426886534318328, -0.993825376033783]
203,1751881812.7668238,[0.6488723754882812, 0.048520125448703766, 0.47749099135398865, 0.01544930413365364, -0.9998742341995239, -0.0035920769441872835, -0.11116986721754074, 0.0018525414634495974, -0.9937997460365295]
204,1751881812.8488686,[0.6488403081893921, 0.0488247275352478, 0.4779341518878937, 0.01596541702747345, -0.9998635649681091, -0.00423301849514246, -0.11139600723981857, 0.0024285069666802883, -0.9937731027603149]
205,1751881812.9328825,[0.6488269567489624, 0.049111831933259964, 0.4783569872379303, 0.016206126660108566, -0.9998562932014465, -0.004984636325389147, -0.11161305010318756, 0.0031451035756617785, -0.9937468767166138]
206,1751881813.0159461,[0.648846447467804, 0.049385979771614075, 0.4787656366825104, 0.016198551282286644, -0.9998517632484436, -0.005835424177348614, -0.1118045374751091, 0.003988310229033232, -0.9937222003936768]
207,1751881813.113369,[0.6489087343215942, 0.04964722692966461, 0.4791717231273651, 0.0159926675260067, -0.9998492002487183, -0.006780179217457771, -0.11195529252290726, 0.00494775315746665, -0.9937009811401367]
208,1751881813.1908984,[0.649016797542572, 0.04989645630121231, 0.47958266735076904, 0.015653224661946297, -0.9998469948768616, -0.007817613892257214, -0.11206524819135666, 0.00601496547460556, -0.9936826825141907]
209,1751881813.2743385,[0.6491591334342957, 0.05013194680213928, 0.47998982667922974, 0.015232923440635204, -0.9998438954353333, -0.008954958990216255, -0.11215503513813019, 0.007190900854766369, -0.9936646819114685]
210,1751881813.3642912,[0.6493173241615295, 0.05034220218658447, 0.48036104440689087, 0.014754489995539188, -0.9998391270637512, -0.01020207442343235, -0.1122569814324379, 0.008482290431857109, -0.993643045425415]
211,1751881813.450152,[0.6494638919830322, 0.050517939031124115, 0.48066630959510803, 0.014231301844120026, -0.9998321533203125, -0.011539103463292122, -0.11238107085227966, 0.009867767803370953, -0.9936162233352661]
212,1751881813.528646,[0.6495774984359741, 0.05064050853252411, 0.4808811545372009, 0.013651496730744839, -0.9998232126235962, -0.012933412566781044, -0.11251041293144226, 0.01131652295589447, -0.9935861229896545]
213,1751881813.6175284,[0.6496523022651672, 0.05068320035934448, 0.48099803924560547, 0.012991124764084816, -0.9998121857643127, -0.014378712512552738, -0.11260773986577988, 0.012825572863221169, -0.9935566782951355]
214,1751881813.700378,[0.6496837139129639, 0.05063841864466667, 0.4810413122177124, 0.012271394021809101, -0.9997987747192383, -0.015872014686465263, -0.1126292422413826, 0.014390148222446442, -0.9935328960418701]
215,1751881813.78551,[0.6496413946151733, 0.0505264513194561, 0.48105180263519287, 0.011554190889000893, -0.9997811317443848, -0.01744036376476288, -0.11256209760904312, 0.016030214726924896, -0.9935153722763062]
216,1751881813.8747754,[0.6494287252426147, 0.05041543394327164, 0.48108726739883423, 0.010951608419418335, -0.9997581243515015, -0.01906965672969818, -0.1124475747346878, 0.017718501389026642, -0.9934996366500854]
217,1751881813.9561226,[0.6489272117614746, 0.05035797134041786, 0.48118242621421814, 0.010515712201595306, -0.9997296929359436, -0.02073526382446289, -0.11237458884716034, 0.01942354254424572, -0.9934760332107544]
218,1751881814.0383751,[0.6502798199653625, 0.04580817371606827, 0.4744066298007965, 0.006366272922605276, -0.9999796748161316, 0.0003029865329153836, -0.10824829339981079, -0.0009903645841404796, -0.9941233396530151]
219,1751881814.138471,[0.6501262784004211, 0.04585477337241173, 0.4745445251464844, 0.007366453297436237, -0.9999727606773376, -0.0005163386813364923, -0.1087411642074585, -0.0002877676743082702, -0.9940701127052307]
220,1751881814.214753,[0.649989664554596, 0.04594120755791664, 0.4747295677661896, 0.008407415822148323, -0.9999638199806213, -0.0013015344738960266, -0.10915187001228333, 0.00037608653656207025, -0.9940249919891357]
221,1751881814.2976599,[0.6498798131942749, 0.04608143866062164, 0.4749671518802643, 0.009485305286943913, -0.9999529719352722, -0.0020265821367502213, -0.10949168354272842, 0.0009758805972523987, -0.9939872026443481]
222,1751881814.3870628,[0.6498035788536072, 0.04628777131438255, 0.47526219487190247, 0.010603494942188263, -0.9999402761459351, -0.002662528771907091, -0.10977696627378464, 0.0014825029065832496, -0.993955135345459]
223,1751881814.4691625,[0.649761438369751, 0.046565938740968704, 0.47562018036842346, 0.011764425784349442, -0.9999256730079651, -0.003192995674908161, -0.11002030968666077, 0.0018794200150296092, -0.993927538394928]
224,1751881814.551847,[0.649741530418396, 0.04691009223461151, 0.47604304552078247, 0.012943754903972149, -0.9999095797538757, -0.003630945924669504, -0.11022801697254181, 0.0021822440903633833, -0.9939038753509521]
225,1751881814.6403496,[0.6497324109077454, 0.047295037657022476, 0.476521760225296, 0.014083006419241428, -0.9998927116394043, -0.004029212519526482, -0.1104024276137352, 0.0024500347208231688, -0.9938839673995972]
226,1751881814.7254946,[0.6497239470481873, 0.04768593981862068, 0.4770376980304718, 0.015090661123394966, -0.9998761415481567, -0.00445801205933094, -0.11054753512144089, 0.002762778429314494, -0.9938669800758362]
227,1751881814.8080823,[0.6497154235839844, 0.04805020987987518, 0.4775596559047699, 0.015862738713622093, -0.9998617172241211, -0.004987309221178293, -0.11067874729633331, 0.0032014171592891216, -0.9938509464263916]
228,1751881814.898756,[0.6497147083282471, 0.04837142303586006, 0.47806286811828613, 0.01633443683385849, -0.9998506307601929, -0.005651791580021381, -0.11081201583147049, 0.0038074601907283068, -0.9938340783119202]
229,1751881814.9818711,[0.6497376561164856, 0.048648346215486526, 0.4785374402999878, 0.01650121621787548, -0.9998430013656616, -0.006452174857258797, -0.11094916611909866, 0.004582195542752743, -0.9938154816627502]
230,1751881815.066849,[0.6497948169708252, 0.0488884262740612, 0.4789867103099823, 0.016405243426561356, -0.9998383522033691, -0.007370430510491133, -0.11108718812465668, 0.005503178108483553, -0.9937954545021057]
231,1751881815.156566,[0.649895191192627, 0.0491022951900959, 0.4794221520423889, 0.016126684844493866, -0.9998347759246826, -0.008384830318391323, -0.11121506243944168, 0.006540184840559959, -0.9937748312950134]
232,1751881815.2352664,[0.6500355005264282, 0.04929930716753006, 0.47984686493873596, 0.015744345262646675, -0.9998311400413513, -0.00948266964405775, -0.11133838444948196, 0.007671776693314314, -0.9937530159950256]
233,1751881815.319586,[0.650204062461853, 0.04949134588241577, 0.4802568554878235, 0.015331318601965904, -0.9998258352279663, -0.010651104152202606, -0.11146565526723862, 0.008876940235495567, -0.993728756904602]
234,1751881815.411391,[0.6503759622573853, 0.04968104884028435, 0.48062682151794434, 0.014919515699148178, -0.9998182058334351, -0.01187736727297306, -0.11161772161722183, 0.010139096528291702, -0.9936995506286621]
235,1751881815.4916916,[0.6505235433578491, 0.04985960200428963, 0.48092755675315857, 0.014505721628665924, -0.9998084902763367, -0.013138726353645325, -0.11179125308990479, 0.011436082422733307, -0.993665874004364]
236,1751881815.5755038,[0.6506286859512329, 0.050009168684482574, 0.48114073276519775, 0.014062892645597458, -0.9997973442077637, -0.01440418977290392, -0.11195593327283859, 0.012740613892674446, -0.9936314821243286]
237,1751881815.6670172,[0.6506865620613098, 0.05010702461004257, 0.481270968914032, 0.013558977283537388, -0.9997856020927429, -0.01565360464155674, -0.11206052452325821, 0.014037040062248707, -0.9936022758483887]
238,1751881815.7519217,[0.6507018804550171, 0.05013389140367508, 0.48133766651153564, 0.012987157329916954, -0.9997726082801819, -0.016911489889025688, -0.11206693947315216, 0.015351011417806149, -0.9935820698738098]
239,1751881815.8340113,[0.6506471633911133, 0.05011352524161339, 0.4813896119594574, 0.012415756471455097, -0.9997571110725403, -0.018207980319857597, -0.11196988075971603, 0.01670479029417038, -0.9935712218284607]
240,1751881815.9257648,[0.6504359841346741, 0.05009317770600319, 0.48146888613700867, 0.011932996101677418, -0.9997372031211853, -0.019572116434574127, -0.11182539165019989, 0.018116474151611328, -0.9935626983642578]
241,1751881816.0057154,[0.6499581933021545, 0.05013081058859825, 0.4816068708896637, 0.01162074226886034, -0.9997114539146423, -0.02102159522473812, -0.1117515116930008, 0.019592875614762306, -0.9935430884361267]
242,1751881816.0879667,[0.6505641341209412, 0.0445309653878212, 0.47399550676345825, 0.004898571874946356, -0.9999871850013733, -0.0012537515722215176, -0.10834186524152756, 0.0007156599895097315, -0.9941134452819824]
243,1751881816.1773705,[0.6504409909248352, 0.04439983516931534, 0.47411590814590454, 0.0056856307201087475, -0.999981164932251, -0.0023374955635517836, -0.108765609562397, 0.0017052561743184924, -0.9940659999847412]
244,1751881816.2605386,[0.6503295302391052, 0.044334691017866135, 0.47430139780044556, 0.006558040622621775, -0.9999728798866272, -0.003341877134516835, -0.10908783227205276, 0.0026065902784466743, -0.9940286874771118]
245,1751881816.3460603,[0.6502364277839661, 0.04435471072793007, 0.474559485912323, 0.007521267514675856, -0.9999627470970154, -0.004232928156852722, -0.10931435227394104, 0.0033854797948151827, -0.9940015077590942]
246,1751881816.4363387,[0.6501638293266296, 0.04447996988892555, 0.47489768266677856, 0.008582617156207561, -0.9999507665634155, -0.004977898206561804, -0.10944725573062897, 0.0040088072419166565, -0.9939845204353333]
247,1751881816.5161953,[0.6501071453094482, 0.04471869394183159, 0.4753171503543854, 0.009724155999720097, -0.999937117099762, -0.005570247769355774, -0.10949146002531052, 0.004472270142287016, -0.9939776062965393]
248,1751881816.5992804,[0.6500625014305115, 0.04505527764558792, 0.4758123457431793, 0.010896247811615467, -0.9999223947525024, -0.006051236763596535, -0.10944578796625137, 0.004822641145437956, -0.993981122970581]
249,1751881816.6914258,[0.6500251293182373, 0.04544471576809883, 0.4763629138469696, 0.01199978869408369, -0.9999068975448608, -0.006504561752080917, -0.10931801795959473, 0.005154178943485022, -0.9939935207366943]
250,1751881816.7827106,[0.6499974131584167, 0.045830827206373215, 0.4769386351108551, 0.012918504886329174, -0.9998918771743774, -0.007028907537460327, -0.10913687199354172, 0.005577529314905405, -0.9940110445022583]
251,1751881816.8542585,[0.6499866247177124, 0.04616614803671837, 0.4775058329105377, 0.01355841476470232, -0.9998784065246582, -0.007696518208831549, -0.10894908756017685, 0.006174128502607346, -0.9940281510353088]
252,1751881816.9478166,[0.6500051617622375, 0.04643326252698898, 0.4780469536781311, 0.013901322148740292, -0.9998669624328613, -0.00853077881038189, -0.10879524052143097, 0.006968462374061346, -0.99403977394104]
253,1751881817.027072,[0.6500616669654846, 0.04663847014307976, 0.47855594754219055, 0.013995208777487278, -0.9998567700386047, -0.009509019553661346, -0.10870065540075302, 0.007932220585644245, -0.9940428137779236]
254,1751881817.1152458,[0.6501590013504028, 0.04680577293038368, 0.4790404438972473, 0.0139401163905859, -0.9998468160629272, -0.010585625655949116, -0.10867008566856384, 0.009009012021124363, -0.9940370917320251]
255,1751881817.19912,[0.6502926349639893, 0.04696466028690338, 0.4795059263706207, 0.013846085406839848, -0.9998354911804199, -0.011713635176420212, -0.10870597511529922, 0.0101401312276721, -0.9940222501754761]
256,1751881817.2824764,[0.6504484415054321, 0.047141578048467636, 0.47995051741600037, 0.013802519999444485, -0.9998221397399902, -0.012859951704740524, -0.10881190747022629, 0.011282899416983128, -0.9939984083175659]
257,1751881817.3663452,[0.650603711605072, 0.04735158756375313, 0.4803612530231476, 0.013856800273060799, -0.9998059272766113, -0.014008312486112118, -0.10898979753255844, 0.012415938079357147, -0.9939653873443604]
258,1751881817.4571085,[0.6507329940795898, 0.04759634658694267, 0.4807142913341522, 0.014006968587636948, -0.9997872114181519, -0.015145553275942802, -0.1092318594455719, 0.013526405207812786, -0.9939242601394653]
259,1751881817.5421796,[0.650816023349762, 0.047861285507678986, 0.48099032044410706, 0.014203932136297226, -0.999767005443573, -0.016255656257271767, -0.10949784517288208, 0.014604269526898861, -0.9938797950744629]
260,1751881817.624209,[0.6508442163467407, 0.04811640828847885, 0.4811825156211853, 0.014370002783834934, -0.9997466802597046, -0.017322486266493797, -0.1097293570637703, 0.01564290188252926, -0.9938384890556335]
261,1751881817.7203398,[0.6508278846740723, 0.048328597098588943, 0.48131147027015686, 0.014429677277803421, -0.9997276663780212, -0.01833740435540676, -0.10984741896390915, 0.016643349081277847, -0.993809163570404]
262,1751881817.8034606,[0.6507806181907654, 0.048481669276952744, 0.48141810297966003, 0.014350155368447304, -0.9997103810310364, -0.019320795312523842, -0.10981110483407974, 0.017630230635404587, -0.9937962293624878]
263,1751881817.8813233,[0.650688648223877, 0.0485914871096611, 0.48154234886169434, 0.014162440784275532, -0.9996932744979858, -0.020321466028690338, -0.10965271294116974, 0.018648143857717514, -0.9937951564788818]
264,1751881817.9723895,[0.6504855155944824, 0.048705559223890305, 0.4817083477973938, 0.013963460922241211, -0.9996733069419861, -0.02140672691166401, -0.10950759798288345, 0.019751133397221565, -0.9937897324562073]
265,1751881818.0589511,[0.6500800848007202, 0.04886457696557045, 0.48190370202064514, 0.013848472386598587, -0.9996480941772461, -0.02262868359684944, -0.10958307981491089, 0.020977221429347992, -0.9937563538551331]
266,1751881818.1426427,[0.6508548855781555, 0.04435589164495468, 0.47503000497817993, 0.003313926514238119, -0.9999856352806091, -0.004205910488963127, -0.10654760152101517, 0.003828901331871748, -0.9943002462387085]
267,1751881818.2256742,[0.6508197784423828, 0.04415923357009888, 0.4752819538116455, 0.003985089715570211, -0.9999765753746033, -0.005573148373514414, -0.10660823434591293, 0.0051165916956961155, -0.9942880272865295]
268,1751881818.3078365,[0.6507939696311951, 0.04404551908373833, 0.47556865215301514, 0.0047743059694767, -0.9999657869338989, -0.0067656273022294044, -0.10658060014247894, 0.006218323949724436, -0.9942846894264221]
269,1751881818.3913426,[0.6507793664932251, 0.04402903467416763, 0.4758948087692261, 0.005677812732756138, -0.9999538064002991, -0.0077523766085505486, -0.10646495223045349, 0.00710395909845829, -0.9942911267280579]
270,1751881818.481453,[0.6507734656333923, 0.04412011802196503, 0.47626543045043945, 0.006688309833407402, -0.999941349029541, -0.008512776345014572, -0.10626424103975296, 0.007754044607281685, -0.9943076372146606]
271,1751881818.5647469,[0.6507718563079834, 0.04431815445423126, 0.4766826331615448, 0.0077783092856407166, -0.9999285936355591, -0.009061843156814575, -0.10598818212747574, 0.008186671882867813, -0.9943336844444275]
272,1751881818.6499982,[0.6507687568664551, 0.04460030049085617, 0.4771399199962616, 0.008886510506272316, -0.9999157190322876, -0.009457655251026154, -0.1056535392999649, 0.008466201834380627, -0.9943669438362122]
273,1751881818.7383554,[0.6507580280303955, 0.04492373764514923, 0.4776197075843811, 0.009916151873767376, -0.9999029636383057, -0.009794319048523903, -0.10528919100761414, 0.008696287870407104, -0.9944036602973938]
274,1751881818.8202152,[0.6507411003112793, 0.04524020105600357, 0.47809821367263794, 0.010774039663374424, -0.9998902082443237, -0.01016667578369379, -0.10493107885122299, 0.008980592712759972, -0.9944390058517456]
275,1751881818.90323,[0.6507218480110168, 0.04551265761256218, 0.4785519540309906, 0.011388305574655533, -0.999878466129303, -0.010646997019648552, -0.10461922734975815, 0.00939780380576849, -0.9944679737091064]
276,1751881818.9920707,[0.6507118344306946, 0.045728787779808044, 0.4789672791957855, 0.011748770251870155, -0.9998675584793091, -0.01126314140856266, -0.10438096523284912, 0.00997602567076683, -0.9944874048233032]
277,1751881819.077386,[0.6507173180580139, 0.04589632526040077, 0.4793437421321869, 0.011891670525074005, -0.9998571872711182, -0.012008728459477425, -0.10423117130994797, 0.010704672895371914, -0.9944955110549927]
278,1751881819.1582804,[0.6507493853569031, 0.04604063555598259, 0.47969281673431396, 0.011908529326319695, -0.9998464584350586, -0.012854187749326229, -0.10416080802679062, 0.01154477521777153, -0.9944934844970703]
279,1751881819.246953,[0.6508090496063232, 0.04618477076292038, 0.48002180457115173, 0.011883456259965897, -0.9998344779014587, -0.013779319822788239, -0.10417135059833527, 0.01246742345392704, -0.9944812655448914]
280,1751881819.3309832,[0.650890588760376, 0.04634781554341316, 0.48033326864242554, 0.011896926909685135, -0.9998201727867126, -0.014768660999834538, -0.10425888001918793, 0.01344889122992754, -0.9944592714309692]
281,1751881819.4256263,[0.6509760618209839, 0.0465347021818161, 0.48061636090278625, 0.011992900632321835, -0.9998030066490173, -0.01581929251551628, -0.10442712157964706, 0.014481603167951107, -0.9944271445274353]
282,1751881819.5035162,[0.6510447263717651, 0.046743474900722504, 0.48085343837738037, 0.012186627835035324, -0.9997826814651489, -0.016915224492549896, -0.10465488582849503, 0.015548269264400005, -0.9943870902061462]
283,1751881819.587512,[0.6510735154151917, 0.04695383831858635, 0.48102694749832153, 0.012442013248801231, -0.9997598528862, -0.018040146678686142, -0.10490597039461136, 0.016636846587061882, -0.9943429231643677]
284,1751881819.6709404,[0.6510518193244934, 0.047136932611465454, 0.4811357259750366, 0.012695420533418655, -0.9997358322143555, -0.01916283555328846, -0.10510365664958954, 0.017724020406603813, -0.9943033456802368]
285,1751881819.7691603,[0.6509869694709778, 0.047266263514757156, 0.4811989963054657, 0.012881939299404621, -0.9997116923332214, -0.020261898636817932, -0.1051870808005333, 0.018796298652887344, -0.9942747354507446]
286,1751881819.8468034,[0.6508992910385132, 0.04733864590525627, 0.48125582933425903, 0.012968883849680424, -0.999688446521759, -0.02132399007678032, -0.10511672496795654, 0.01984456554055214, -0.9942619204521179]
287,1751881819.9304893,[0.6507973670959473, 0.047390684485435486, 0.4813421368598938, 0.012977763079106808, -0.9996653199195862, -0.02237601950764656, -0.104965440928936, 0.020892275497317314, -0.994256317615509]
288,1751881820.023835,[0.6506510376930237, 0.047470178455114365, 0.4814591705799103, 0.012958360835909843, -0.9996406435966492, -0.023465240374207497, -0.10490979254245758, 0.02197849377989769, -0.9942389726638794]
289,1751881820.1148882,[0.6504067778587341, 0.04760623723268509, 0.48156800866127014, 0.012949872761964798, -0.9996118545532227, -0.02466670051217079, -0.10521480441093445, 0.023169606924057007, -0.9941796660423279]
290,1751881820.185796,[0.6511279940605164, 0.0435439758002758, 0.4758262038230896, 0.0025664987042546272, -0.9999881386756897, -0.004142257384955883, -0.10511287301778793, 0.003849554108455777, -0.9944528937339783]
291,1751881820.2698722,[0.6511284112930298, 0.04321322962641716, 0.4761843681335449, 0.002958013443276286, -0.9999811053276062, -0.005397345405071974, -0.10506995022296906, 0.005056698806583881, -0.9944520592689514]
292,1751881820.3526242,[0.651135265827179, 0.04299592226743698, 0.47654852271080017, 0.003442734479904175, -0.9999732375144958, -0.006461529526859522, -0.10499417781829834, 0.006064391694962978, -0.9944543838500977]
293,1751881820.4383488,[0.6511526703834534, 0.04290356487035751, 0.4769194722175598, 0.0040211486630141735, -0.9999651908874512, -0.007316845003515482, -0.10489073395729065, 0.006854768842458725, -0.9944602251052856]
294,1751881820.5314415,[0.6511789560317993, 0.042940590530633926, 0.4772993326187134, 0.0046967449598014355, -0.9999573826789856, -0.007956531830132008, -0.10477174818515778, 0.007420751266181469, -0.9944686889648438]
295,1751881820.6143389,[0.6512080430984497, 0.0430988185107708, 0.4776894748210907, 0.005469629541039467, -0.9999497532844543, -0.008397906087338924, -0.10465238988399506, 0.007779518608003855, -0.9944785237312317]
296,1751881820.697983,[0.6512301564216614, 0.043354522436857224, 0.47808605432510376, 0.0063168988563120365, -0.9999423623085022, -0.008691443130373955, -0.10455089062452316, 0.007983554154634476, -0.9944875836372375]
297,1751881820.7898939,[0.6512367129325867, 0.043668195605278015, 0.47847846150398254, 0.007193942554295063, -0.9999343752861023, -0.008914265781641006, -0.10448107123374939, 0.008114083670079708, -0.9944937825202942]
298,1751881820.869718,[0.6512256860733032, 0.043994367122650146, 0.478850781917572, 0.008041402325034142, -0.9999257922172546, -0.00915615539997816, -0.10445327311754227, 0.008266418240964413, -0.9944955110549927]
299,1751881820.9536343,[0.6511992812156677, 0.04429137334227562, 0.4791848659515381, 0.008793653920292854, -0.9999162554740906, -0.009498064406216145, -0.1044750064611435, 0.00852773617953062, -0.9944909811019897]
300,1751881821.0394275,[0.6511691212654114, 0.044535890221595764, 0.4794680178165436, 0.009411036036908627, -0.9999058246612549, -0.009995232336223125, -0.10455299913883209, 0.008956939913332462, -0.9944790601730347]
301,1751881821.124165,[0.6511569619178772, 0.04472999647259712, 0.47969967126846313, 0.009901953861117363, -0.9998940229415894, -0.010672166012227535, -0.10468412935733795, 0.009577473625540733, -0.9944594502449036]
302,1751881821.2074564,[0.6511796116828918, 0.04488886520266533, 0.47988641262054443, 0.010296131484210491, -0.9998804926872253, -0.011535514146089554, -0.10486781597137451, 0.010392793454229832, -0.9944319128990173]
303,1751881821.2973323,[0.6512481570243835, 0.04503551125526428, 0.4800383150577545, 0.010646509006619453, -0.9998642206192017, -0.012581415474414825, -0.10510618984699249, 0.011393438093364239, -0.9943957328796387]
304,1751881821.380213,[0.6513572931289673, 0.04518590122461319, 0.4801601469516754, 0.011001471430063248, -0.9998443126678467, -0.013799535110592842, -0.10540739446878433, 0.012563885189592838, -0.9943497776985168]
305,1751881821.4641445,[0.6514910459518433, 0.04535208269953728, 0.48024994134902954, 0.01140597090125084, -0.9998199343681335, -0.015171154402196407, -0.10577759146690369, 0.013880577869713306, -0.9942930340766907]
306,1751881821.5578644,[0.6516228914260864, 0.04553123190999031, 0.48029688000679016, 0.01187384407967329, -0.9997905492782593, -0.016668714582920074, -0.10621397942304611, 0.015314497984945774, -0.9942253828048706]
307,1751881821.6418104,[0.6517277359962463, 0.04572143033146858, 0.4802970290184021, 0.012416359968483448, -0.9997568726539612, -0.01822340302169323, -0.10667434334754944, 0.0167964119464159, -0.9941521286964417]
308,1751881821.7264132,[0.651790201663971, 0.04589926823973656, 0.4802502393722534, 0.012981494888663292, -0.9997200965881348, -0.019780443981289864, -0.10710743069648743, 0.018278032541275024, -0.9940795302391052]
309,1751881821.8124588,[0.6518145799636841, 0.0460420697927475, 0.48017650842666626, 0.01351063884794712, -0.9996823072433472, -0.021278485655784607, -0.10745040327310562, 0.019705673679709435, -0.9940151572227478]
310,1751881821.8929334,[0.6518275141716003, 0.04613860324025154, 0.48011234402656555, 0.013956560753285885, -0.9996448159217834, -0.022705329582095146, -0.10767902433872223, 0.02107289992272854, -0.9939624667167664]
311,1751881821.9758718,[0.6518526077270508, 0.04621375724673271, 0.48009008169174194, 0.014328248798847198, -0.9996077418327332, -0.024067621678113937, -0.1078571081161499, 0.022384533658623695, -0.9939144849777222]
312,1751881822.0685337,[0.6518827080726624, 0.04629863053560257, 0.480098158121109, 0.0146378418430686, -0.9995703101158142, -0.025394152849912643, -0.10813847929239273, 0.02366533875465393, -0.9938541054725647]
313,1751881822.1514368,[0.6518920063972473, 0.046401314437389374, 0.48008671402931213, 0.014869370497763157, -0.9995310306549072, -0.02677077241241932, -0.10875636339187622, 0.024998148903250694, -0.9937540888786316]
314,1751881822.232325,[0.6514580249786377, 0.04371826350688934, 0.47615352272987366, 0.0027318631764501333, -0.9999870657920837, -0.004311471711844206, -0.10408659279346466, 0.004003719426691532, -0.9945602416992188]
315,1751881822.3174925,[0.6515296697616577, 0.043414149433374405, 0.47653934359550476, 0.003216222859919071, -0.9999790787696838, -0.005608465988188982, -0.10385756939649582, 0.005244140047580004, -0.9945783615112305]
316,1751881822.4011374,[0.6516085267066956, 0.04321802407503128, 0.47692227363586426, 0.0037837144918739796, -0.9999703168869019, -0.006719636730849743, -0.10360227525234222, 0.006291528698056936, -0.994598925113678]
317,1751881822.4835167,[0.6516944169998169, 0.043137576431035995, 0.4773019850254059, 0.004422144964337349, -0.9999611377716064, -0.007628952153027058, -0.10332754254341125, 0.007131270598620176, -0.9946218729019165]
318,1751881822.577269,[0.6517884731292725, 0.04317675158381462, 0.4776798486709595, 0.005141496658325195, -0.9999521374702454, -0.008327525109052658, -0.10304597020149231, 0.007753503974527121, -0.994646430015564]
319,1751881822.659165,[0.6518834829330444, 0.04332658648490906, 0.47805702686309814, 0.005939972121268511, -0.9999433159828186, -0.008831245824694633, -0.1027742251753807, 0.008174172602593899, -0.9946710467338562]
320,1751881822.7438455,[0.6519729495048523, 0.04356494918465614, 0.4784320294857025, 0.006811090279370546, -0.9999346137046814, -0.009184817783534527, -0.1025252714753151, 0.00843833014369011, -0.9946945905685425]
321,1751881822.830335,[0.652040958404541, 0.043852150440216064, 0.47879546880722046, 0.007699725218117237, -0.9999255537986755, -0.009464005939662457, -0.10231713950634003, 0.008626812137663364, -0.9947143793106079]
322,1751881822.9138474,[0.6520837545394897, 0.044144753366708755, 0.4791332483291626, 0.008553571067750454, -0.9999158382415771, -0.009750931523740292, -0.10215869545936584, 0.008826455101370811, -0.9947289824485779]
323,1751881822.9978638,[0.6521036624908447, 0.044405125081539154, 0.4794306755065918, 0.009315555915236473, -0.9999053478240967, -0.010122609324753284, -0.10205769538879395, 0.009119469672441483, -0.9947366714477539]
324,1751881823.0972564,[0.6521172523498535, 0.0446142852306366, 0.47967761754989624, 0.009961656294763088, -0.9998939037322998, -0.01062718965113163, -0.10200981050729752, 0.009556091390550137, -0.9947375059127808]
325,1751881823.1791573,[0.6521458625793457, 0.04477459937334061, 0.4798746705055237, 0.010494381189346313, -0.9998811483383179, -0.011291354894638062, -0.10200994461774826, 0.010162542574107647, -0.9947314262390137]
326,1751881823.2620344,[0.6522029042243958, 0.04489785060286522, 0.4800281822681427, 0.010926296934485435, -0.9998667240142822, -0.012129825539886951, -0.10206764936447144, 0.010951983742415905, -0.9947171211242676]
327,1751881823.3472192,[0.6523007750511169, 0.045005880296230316, 0.48014798760414124, 0.011309635825455189, -0.9998497366905212, -0.013137230649590492, -0.10218366980552673, 0.011913658119738102, -0.994694173336029]
328,1751881823.4302592,[0.6524363160133362, 0.04511624574661255, 0.48023897409439087, 0.011693195439875126, -0.9998292922973633, -0.014306474477052689, -0.10237237066030502, 0.013035253621637821, -0.9946607351303101]
329,1751881823.514586,[0.6525978446006775, 0.04524486884474754, 0.4802994132041931, 0.012129401788115501, -0.9998045563697815, -0.015614315867424011, -0.10262992978096008, 0.014288218691945076, -0.9946170449256897]
330,1751881823.6090865,[0.6527567505836487, 0.04538965970277786, 0.4803185760974884, 0.012629612348973751, -0.9997751712799072, -0.01703435741364956, -0.10295858234167099, 0.015644926577806473, -0.9945626258850098]
331,1751881823.6888702,[0.6528874039649963, 0.04554848372936249, 0.4802883267402649, 0.013199461624026299, -0.9997417330741882, -0.01850043423473835, -0.10332449525594711, 0.017039287835359573, -0.9945017099380493]
332,1751881823.7764103,[0.6529735922813416, 0.04570132493972778, 0.4802088439464569, 0.013795336708426476, -0.9997057318687439, -0.019953126087784767, -0.10367722809314728, 0.0184173546731472, -0.9944404363632202]
333,1751881823.861852,[0.653019368648529, 0.04582960158586502, 0.48009929060935974, 0.014362312853336334, -0.9996694326400757, -0.021326081827282906, -0.10394996404647827, 0.019719937816262245, -0.9943870902061462]
334,1751881823.9412098,[0.6530526876449585, 0.045922357589006424, 0.4799950420856476, 0.014855246990919113, -0.9996338486671448, -0.02261384204030037, -0.10413174331188202, 0.020946677774190903, -0.9943428635597229]
335,1751881824.0259728,[0.6531000733375549, 0.04600389674305916, 0.47992590069770813, 0.015279527753591537, -0.9995996356010437, -0.023815974593162537, -0.10427346080541611, 0.022095898166298866, -0.9943031668663025]
336,1751881824.1179233,[0.6531640887260437, 0.0461122989654541, 0.4798889458179474, 0.01564670540392399, -0.9995654225349426, -0.02498597837984562, -0.10454721748828888, 0.023216553032398224, -0.9942489862442017]
337,1751881824.1966121,[0.65322345495224, 0.04624176770448685, 0.4798239469528198, 0.01591874286532402, -0.9995297193527222, -0.02620997652411461, -0.10515712201595306, 0.0243943203240633, -0.9941563606262207]
338,1751881824.2777486,[0.651627779006958, 0.04418642073869705, 0.47660043835639954, 0.00493163475766778, -0.9999847412109375, -0.002512531355023384, -0.10416353493928909, 0.001985192531719804, -0.9945582747459412]
339,1751881824.3639247,[0.6516985893249512, 0.043934933841228485, 0.47696343064308167, 0.005469125229865313, -0.9999784827232361, -0.003640810027718544, -0.10421419888734818, 0.0030510742217302322, -0.994550347328186]
340,1751881824.4466307,[0.6517664194107056, 0.043764594942331314, 0.47728991508483887, 0.005986503791064024, -0.9999712705612183, -0.004668009001761675, -0.10431051254272461, 0.004018167033791542, -0.994536817073822]
341,1751881824.530978,[0.6518356204032898, 0.04367808625102043, 0.4775770902633667, 0.006481466349214315, -0.9999634027481079, -0.005585176404565573, -0.10445772856473923, 0.004877694416791201, -0.99451744556427]
342,1751881824.6246774,[0.6519065499305725, 0.04367384314537048, 0.4778260588645935, 0.006971769500523806, -0.9999552965164185, -0.006384472828358412, -0.10466337949037552, 0.005619868636131287, -0.9944918155670166]
343,1751881824.7069812,[0.6519760489463806, 0.043744731694459915, 0.47804272174835205, 0.007487066090106964, -0.9999469518661499, -0.007069817744195461, -0.10493423044681549, 0.0062453290447592735, -0.9944595098495483]
344,1751881824.7945695,[0.6520369052886963, 0.04387367516756058, 0.4782332181930542, 0.008051970042288303, -0.9999381899833679, -0.007662059739232063, -0.10526568442583084, 0.006772136315703392, -0.9944210052490234]
345,1751881824.8783627,[0.6520824432373047, 0.0440337248146534, 0.47840186953544617, 0.008673390373587608, -0.9999287128448486, -0.008201941847801208, -0.10564103722572327, 0.007240080274641514, -0.9943779706954956]
346,1751881824.9621723,[0.6521080136299133, 0.044188693165779114, 0.47854527831077576, 0.009323588572442532, -0.9999183416366577, -0.008745777420699596, -0.10603804886341095, 0.007708183489739895, -0.9943323135375977]
347,1751881825.0466623,[0.6521173715591431, 0.04430503398180008, 0.47865593433380127, 0.009958282113075256, -0.9999067187309265, -0.009353483095765114, -0.10643680393695831, 0.00824087206274271, -0.9942854046821594]
348,1751881825.1381361,[0.6521242260932922, 0.04436326026916504, 0.47872427105903625, 0.010544946417212486, -0.999893844127655, -0.010065494105219841, -0.10682529956102371, 0.008881975896656513, -0.9942382574081421]
349,1751881825.2194972,[0.6521455645561218, 0.04436267539858818, 0.4787428081035614, 0.011064151301980019, -0.9998793005943298, -0.01090917270630598, -0.10720755904912949, 0.009660792537033558, -0.9941896796226501]
350,1751881825.303345,[0.6521987915039062, 0.04432099312543869, 0.4787089228630066, 0.011533090844750404, -0.999862790107727, -0.011891578324139118, -0.10759437829256058, 0.010582433082163334, -0.9941385984420776]
351,1751881825.3993769,[0.6522886157035828, 0.04426044225692749, 0.4786229431629181, 0.011978884227573872, -0.9998435378074646, -0.013020845130085945, -0.10801523923873901, 0.01165169756859541, -0.9940810203552246]
352,1751881825.4822512,[0.6524123549461365, 0.04420493170619011, 0.47848591208457947, 0.01245584711432457, -0.999820351600647, -0.014288446865975857, -0.10849248617887497, 0.012853862717747688, -0.9940141439437866]
353,1751881825.5632825,[0.6525535583496094, 0.04416804760694504, 0.4782939553260803, 0.013003198429942131, -0.9997923374176025, -0.015688491985201836, -0.10905355215072632, 0.014178236946463585, -0.9939347505569458]
354,1751881825.6565268,[0.6526915431022644, 0.04415900260210037, 0.4780438244342804, 0.013660871423780918, -0.9997590184211731, -0.01718452386558056, -0.10969818383455276, 0.015583897940814495, -0.9938428997993469]
