320,[ 0.48648731  0.1515073   0.4512143   0.99586858 -0.08098098 -0.04108339
 -0.0366963   0.05493814 -0.9978152 ]
0,[ 0.48648731  0.1515073   0.4512143   0.99586858 -0.08098098 -0.04108339
 -0.0366963   0.05493814 -0.9978152 ]
4,[ 0.48648731  0.1515073   0.4512143   0.99586858 -0.08098098 -0.04108339
 -0.0366963   0.05493814 -0.9978152 ]
8,[ 0.48648731  0.1515073   0.4512143   0.99586858 -0.08098098 -0.04108339
 -0.0366963   0.05493814 -0.9978152 ]
12,[ 0.48648731  0.1515073   0.4512143   0.99586858 -0.08098098 -0.04108339
 -0.0366963   0.05493814 -0.9978152 ]
16,[ 0.48648731  0.1515073   0.4512143   0.99586858 -0.08098098 -0.04108339
 -0.0366963   0.05493814 -0.9978152 ]
20,[ 0.48648731  0.1515073   0.4512143   0.99586858 -0.08098098 -0.04108339
 -0.0366963   0.05493814 -0.9978152 ]
24,[ 0.48648731  0.1515073   0.4512143   0.99586858 -0.08098098 -0.04108339
 -0.0366963   0.05493814 -0.9978152 ]
28,[ 0.48648731  0.1515073   0.4512143   0.99586858 -0.08098098 -0.04108339
 -0.0366963   0.05493814 -0.9978152 ]
32,[ 0.48648731  0.1515073   0.4512143   0.99586858 -0.08098098 -0.04108339
 -0.0366963   0.05493814 -0.9978152 ]
36,[ 0.48648731  0.1515073   0.4512143   0.99586858 -0.08098098 -0.04108339
 -0.0366963   0.05493814 -0.9978152 ]
40,[ 0.48648731  0.1515073   0.4512143   0.99586858 -0.08098098 -0.04108339
 -0.0366963   0.05493814 -0.9978152 ]
44,[ 0.48648731  0.1515073   0.4512143   0.99586858 -0.08098098 -0.04108339
 -0.0366963   0.05493814 -0.9978152 ]
48,[ 0.48648731  0.1515073   0.4512143   0.99586858 -0.08098098 -0.04108339
 -0.0366963   0.05493814 -0.9978152 ]
52,[ 0.48648731  0.1515073   0.4512143   0.99586858 -0.08098098 -0.04108339
 -0.0366963   0.05493814 -0.9978152 ]
56,[ 0.48648731  0.1515073   0.4512143   0.99586858 -0.08098098 -0.04108339
 -0.0366963   0.05493814 -0.9978152 ]
60,[ 0.48648731  0.1515073   0.4512143   0.99586858 -0.08098098 -0.04108339
 -0.0366963   0.05493814 -0.9978152 ]
64,[ 0.48648731  0.1515073   0.4512143   0.99586858 -0.08098098 -0.04108339
 -0.0366963   0.05493814 -0.9978152 ]
68,[ 0.48648731  0.1515073   0.4512143   0.99586858 -0.08098098 -0.04108339
 -0.0366963   0.05493814 -0.9978152 ]
72,[ 0.48648731  0.1515073   0.4512143   0.99586858 -0.08098098 -0.04108339
 -0.0366963   0.05493814 -0.9978152 ]
76,[ 0.48648731  0.1515073   0.4512143   0.99586858 -0.08098098 -0.04108339
 -0.0366963   0.05493814 -0.9978152 ]
80,[ 0.48648731  0.1515073   0.4512143   0.99586858 -0.08098098 -0.04108339
 -0.0366963   0.05493814 -0.9978152 ]
84,[ 0.48648731  0.1515073   0.4512143   0.99586858 -0.08098098 -0.04108339
 -0.0366963   0.05493814 -0.9978152 ]
88,[ 0.48648731  0.1515073   0.4512143   0.99586858 -0.08098098 -0.04108339
 -0.0366963   0.05493814 -0.9978152 ]
92,[ 0.48648731  0.1515073   0.4512143   0.99586858 -0.08098098 -0.04108339
 -0.0366963   0.05493814 -0.9978152 ]
96,[ 0.48648731  0.1515073   0.4512143   0.99586858 -0.08098098 -0.04108339
 -0.0366963   0.05493814 -0.9978152 ]
100,[ 0.48648731  0.1515073   0.4512143   0.99586858 -0.08098098 -0.04108339
 -0.0366963   0.05493814 -0.9978152 ]
104,[ 0.48648731  0.1515073   0.4512143   0.99586858 -0.08098098 -0.04108339
 -0.0366963   0.05493814 -0.9978152 ]
108,[ 0.48648731  0.1515073   0.4512143   0.99586858 -0.08098098 -0.04108339
 -0.0366963   0.05493814 -0.9978152 ]
112,[ 0.48648731  0.1515073   0.4512143   0.99586858 -0.08098098 -0.04108339
 -0.0366963   0.05493814 -0.9978152 ]
116,[ 0.48648731  0.1515073   0.4512143   0.99586858 -0.08098098 -0.04108339
 -0.0366963   0.05493814 -0.9978152 ]
120,[ 0.48648731  0.1515073   0.4512143   0.99586858 -0.08098098 -0.04108339
 -0.0366963   0.05493814 -0.9978152 ]
124,[ 0.48648731  0.1515073   0.4512143   0.99586858 -0.08098098 -0.04108339
 -0.0366963   0.05493814 -0.9978152 ]
128,[ 0.48648731  0.1515073   0.4512143   0.99586858 -0.08098098 -0.04108339
 -0.0366963   0.05493814 -0.9978152 ]
132,[ 0.48648731  0.1515073   0.4512143   0.99586858 -0.08098098 -0.04108339
 -0.0366963   0.05493814 -0.9978152 ]
136,[ 0.48648731  0.1515073   0.4512143   0.99586858 -0.08098098 -0.04108339
 -0.0366963   0.05493814 -0.9978152 ]
140,[ 0.48648731  0.1515073   0.4512143   0.99586858 -0.08098098 -0.04108339
 -0.0366963   0.05493814 -0.9978152 ]
144,[ 0.48648731  0.1515073   0.4512143   0.99586858 -0.08098098 -0.04108339
 -0.0366963   0.05493814 -0.9978152 ]
148,[ 0.48648731  0.1515073   0.4512143   0.99586858 -0.08098098 -0.04108339
 -0.0366963   0.05493814 -0.9978152 ]
152,[ 0.48648731  0.1515073   0.4512143   0.99586858 -0.08098098 -0.04108339
 -0.0366963   0.05493814 -0.9978152 ]
156,[ 0.48648731  0.1515073   0.4512143   0.99586858 -0.08098098 -0.04108339
 -0.0366963   0.05493814 -0.9978152 ]
160,[ 0.48648731  0.1515073   0.4512143   0.99586858 -0.08098098 -0.04108339
 -0.0366963   0.05493814 -0.9978152 ]
164,[ 0.48648731  0.1515073   0.4512143   0.99586858 -0.08098098 -0.04108339
 -0.0366963   0.05493814 -0.9978152 ]
168,[ 0.48648731  0.1515073   0.4512143   0.99586858 -0.08098098 -0.04108339
 -0.0366963   0.05493814 -0.9978152 ]
172,[ 0.48648731  0.1515073   0.4512143   0.99586858 -0.08098098 -0.04108339
 -0.0366963   0.05493814 -0.9978152 ]
176,[ 0.48648731  0.1515073   0.4512143   0.99586858 -0.08098098 -0.04108339
 -0.0366963   0.05493814 -0.9978152 ]
180,[ 0.48648731  0.1515073   0.4512143   0.99586858 -0.08098098 -0.04108339
 -0.0366963   0.05493814 -0.9978152 ]
184,[ 0.48648731  0.1515073   0.4512143   0.99586858 -0.08098098 -0.04108339
 -0.0366963   0.05493814 -0.9978152 ]
188,[ 0.48648731  0.1515073   0.4512143   0.99586858 -0.08098098 -0.04108339
 -0.0366963   0.05493814 -0.9978152 ]
192,[ 0.48648731  0.1515073   0.4512143   0.99586858 -0.08098098 -0.04108339
 -0.0366963   0.05493814 -0.9978152 ]
196,[ 0.48648731  0.1515073   0.4512143   0.99586858 -0.08098098 -0.04108339
 -0.0366963   0.05493814 -0.9978152 ]
200,[ 0.48648731  0.1515073   0.4512143   0.99586858 -0.08098098 -0.04108339
 -0.0366963   0.05493814 -0.9978152 ]
204,[ 0.48648731  0.1515073   0.4512143   0.99586858 -0.08098098 -0.04108339
 -0.0366963   0.05493814 -0.9978152 ]
208,[ 0.48648731  0.1515073   0.4512143   0.99586858 -0.08098098 -0.04108339
 -0.0366963   0.05493814 -0.9978152 ]
212,[ 0.48648731  0.1515073   0.4512143   0.99586858 -0.08098098 -0.04108339
 -0.0366963   0.05493814 -0.9978152 ]
216,[ 0.48648731  0.1515073   0.4512143   0.99586858 -0.08098098 -0.04108339
 -0.0366963   0.05493814 -0.9978152 ]
220,[ 0.48648731  0.1515073   0.4512143   0.99586858 -0.08098098 -0.04108339
 -0.0366963   0.05493814 -0.9978152 ]
224,[ 0.48648731  0.1515073   0.4512143   0.99586858 -0.08098098 -0.04108339
 -0.0366963   0.05493814 -0.9978152 ]
228,[ 0.48648731  0.1515073   0.4512143   0.99586858 -0.08098098 -0.04108339
 -0.0366963   0.05493814 -0.9978152 ]
232,[ 0.48648731  0.1515073   0.4512143   0.99586858 -0.08098098 -0.04108339
 -0.0366963   0.05493814 -0.9978152 ]
236,[ 0.48648731  0.1515073   0.4512143   0.99586858 -0.08098098 -0.04108339
 -0.0366963   0.05493814 -0.9978152 ]
240,[ 0.48648731  0.1515073   0.4512143   0.99586858 -0.08098098 -0.04108339
 -0.0366963   0.05493814 -0.9978152 ]
244,[ 0.48648731  0.1515073   0.4512143   0.99586858 -0.08098098 -0.04108339
 -0.0366963   0.05493814 -0.9978152 ]
248,[ 0.48648731  0.1515073   0.4512143   0.99586858 -0.08098098 -0.04108339
 -0.0366963   0.05493814 -0.9978152 ]
252,[ 0.48648731  0.1515073   0.4512143   0.99586858 -0.08098098 -0.04108339
 -0.0366963   0.05493814 -0.9978152 ]
256,[ 0.48648731  0.1515073   0.4512143   0.99586858 -0.08098098 -0.04108339
 -0.0366963   0.05493814 -0.9978152 ]
260,[ 0.48648731  0.1515073   0.4512143   0.99586858 -0.08098098 -0.04108339
 -0.0366963   0.05493814 -0.9978152 ]
264,[ 0.48648731  0.1515073   0.4512143   0.99586858 -0.08098098 -0.04108339
 -0.0366963   0.05493814 -0.9978152 ]
268,[ 0.48648731  0.1515073   0.4512143   0.99586858 -0.08098098 -0.04108339
 -0.0366963   0.05493814 -0.9978152 ]
272,[ 0.48648731  0.1515073   0.4512143   0.99586858 -0.08098098 -0.04108339
 -0.0366963   0.05493814 -0.9978152 ]
276,[ 0.48648731  0.1515073   0.4512143   0.99586858 -0.08098098 -0.04108339
 -0.0366963   0.05493814 -0.9978152 ]
280,[ 0.48648731  0.1515073   0.4512143   0.99586858 -0.08098098 -0.04108339
 -0.0366963   0.05493814 -0.9978152 ]
284,[ 0.48648731  0.1515073   0.4512143   0.99586858 -0.08098098 -0.04108339
 -0.0366963   0.05493814 -0.9978152 ]
288,[ 0.48648731  0.1515073   0.4512143   0.99586858 -0.08098098 -0.04108339
 -0.0366963   0.05493814 -0.9978152 ]
292,[ 0.48648731  0.1515073   0.4512143   0.99586858 -0.08098098 -0.04108339
 -0.0366963   0.05493814 -0.9978152 ]
296,[ 0.48648731  0.1515073   0.4512143   0.99586858 -0.08098098 -0.04108339
 -0.0366963   0.05493814 -0.9978152 ]
300,[ 0.48648731  0.1515073   0.4512143   0.99586858 -0.08098098 -0.04108339
 -0.0366963   0.05493814 -0.9978152 ]
304,[ 0.48648731  0.1515073   0.4512143   0.99586858 -0.08098098 -0.04108339
 -0.0366963   0.05493814 -0.9978152 ]
308,[ 0.48648731  0.1515073   0.4512143   0.99586858 -0.08098098 -0.04108339
 -0.0366963   0.05493814 -0.9978152 ]
312,[ 0.48648731  0.1515073   0.4512143   0.99586858 -0.08098098 -0.04108339
 -0.0366963   0.05493814 -0.9978152 ]
316,[ 0.48648731  0.1515073   0.4512143   0.99586858 -0.08098098 -0.04108339
 -0.0366963   0.05493814 -0.9978152 ]
320,[ 0.48648731  0.1515073   0.4512143   0.99586858 -0.08098098 -0.04108339
 -0.0366963   0.05493814 -0.9978152 ]
324,[ 0.48648731  0.1515073   0.4512143   0.99586858 -0.08098098 -0.04108339
 -0.0366963   0.05493814 -0.9978152 ]
0,[ 0.48648731  0.1515073   0.4512143   0.99586858 -0.08098098 -0.04108339
 -0.0366963   0.05493814 -0.9978152 ]
4,[ 0.48648731  0.1515073   0.4512143   0.99586858 -0.08098098 -0.04108339
 -0.0366963   0.05493814 -0.9978152 ]
8,[ 0.48648731  0.1515073   0.4512143   0.99586858 -0.08098098 -0.04108339
 -0.0366963   0.05493814 -0.9978152 ]
12,[ 0.48648731  0.1515073   0.4512143   0.99586858 -0.08098098 -0.04108339
 -0.0366963   0.05493814 -0.9978152 ]
16,[ 0.48648731  0.1515073   0.4512143   0.99586858 -0.08098098 -0.04108339
 -0.0366963   0.05493814 -0.9978152 ]
20,[ 0.48648731  0.1515073   0.4512143   0.99586858 -0.08098098 -0.04108339
 -0.0366963   0.05493814 -0.9978152 ]
24,[ 0.48648731  0.1515073   0.4512143   0.99586858 -0.08098098 -0.04108339
 -0.0366963   0.05493814 -0.9978152 ]
28,[ 0.48648731  0.1515073   0.4512143   0.99586858 -0.08098098 -0.04108339
 -0.0366963   0.05493814 -0.9978152 ]
32,[ 0.48648731  0.1515073   0.4512143   0.99586858 -0.08098098 -0.04108339
 -0.0366963   0.05493814 -0.9978152 ]
36,[ 0.48648731  0.1515073   0.4512143   0.99586858 -0.08098098 -0.04108339
 -0.0366963   0.05493814 -0.9978152 ]
40,[ 0.48648731  0.1515073   0.4512143   0.99586858 -0.08098098 -0.04108339
 -0.0366963   0.05493814 -0.9978152 ]
44,[ 0.48648731  0.1515073   0.4512143   0.99586858 -0.08098098 -0.04108339
 -0.0366963   0.05493814 -0.9978152 ]
48,[ 0.48648731  0.1515073   0.4512143   0.99586858 -0.08098098 -0.04108339
 -0.0366963   0.05493814 -0.9978152 ]
52,[ 0.48648731  0.1515073   0.4512143   0.99586858 -0.08098098 -0.04108339
 -0.0366963   0.05493814 -0.9978152 ]
56,[ 0.48648731  0.1515073   0.4512143   0.99586858 -0.08098098 -0.04108339
 -0.0366963   0.05493814 -0.9978152 ]
60,[ 0.48648731  0.1515073   0.4512143   0.99586858 -0.08098098 -0.04108339
 -0.0366963   0.05493814 -0.9978152 ]
64,[ 0.48648731  0.1515073   0.4512143   0.99586858 -0.08098098 -0.04108339
 -0.0366963   0.05493814 -0.9978152 ]
68,[ 0.48648731  0.1515073   0.4512143   0.99586858 -0.08098098 -0.04108339
 -0.0366963   0.05493814 -0.9978152 ]
72,[ 0.48648731  0.1515073   0.4512143   0.99586858 -0.08098098 -0.04108339
 -0.0366963   0.05493814 -0.9978152 ]
76,[ 0.48648731  0.1515073   0.4512143   0.99586858 -0.08098098 -0.04108339
 -0.0366963   0.05493814 -0.9978152 ]
80,[ 0.48648731  0.1515073   0.4512143   0.99586858 -0.08098098 -0.04108339
 -0.0366963   0.05493814 -0.9978152 ]
84,[ 0.48648731  0.1515073   0.4512143   0.99586858 -0.08098098 -0.04108339
 -0.0366963   0.05493814 -0.9978152 ]
88,[ 0.48648731  0.1515073   0.4512143   0.99586858 -0.08098098 -0.04108339
 -0.0366963   0.05493814 -0.9978152 ]
92,[ 0.48648731  0.1515073   0.4512143   0.99586858 -0.08098098 -0.04108339
 -0.0366963   0.05493814 -0.9978152 ]
96,[ 0.48648731  0.1515073   0.4512143   0.99586858 -0.08098098 -0.04108339
 -0.0366963   0.05493814 -0.9978152 ]
100,[ 0.48648731  0.1515073   0.4512143   0.99586858 -0.08098098 -0.04108339
 -0.0366963   0.05493814 -0.9978152 ]
104,[ 0.48648731  0.1515073   0.4512143   0.99586858 -0.08098098 -0.04108339
 -0.0366963   0.05493814 -0.9978152 ]
108,[ 0.48648731  0.1515073   0.4512143   0.99586858 -0.08098098 -0.04108339
 -0.0366963   0.05493814 -0.9978152 ]
112,[ 0.48648731  0.1515073   0.4512143   0.99586858 -0.08098098 -0.04108339
 -0.0366963   0.05493814 -0.9978152 ]
116,[ 0.48648731  0.1515073   0.4512143   0.99586858 -0.08098098 -0.04108339
 -0.0366963   0.05493814 -0.9978152 ]
120,[ 0.48648731  0.1515073   0.4512143   0.99586858 -0.08098098 -0.04108339
 -0.0366963   0.05493814 -0.9978152 ]
124,[ 0.48648731  0.1515073   0.4512143   0.99586858 -0.08098098 -0.04108339
 -0.0366963   0.05493814 -0.9978152 ]
128,[ 0.48648731  0.1515073   0.4512143   0.99586858 -0.08098098 -0.04108339
 -0.0366963   0.05493814 -0.9978152 ]
132,[ 0.48648731  0.1515073   0.4512143   0.99586858 -0.08098098 -0.04108339
 -0.0366963   0.05493814 -0.9978152 ]
136,[ 0.48648731  0.1515073   0.4512143   0.99586858 -0.08098098 -0.04108339
 -0.0366963   0.05493814 -0.9978152 ]
140,[ 0.48648731  0.1515073   0.4512143   0.99586858 -0.08098098 -0.04108339
 -0.0366963   0.05493814 -0.9978152 ]
144,[ 0.48648731  0.1515073   0.4512143   0.99586858 -0.08098098 -0.04108339
 -0.0366963   0.05493814 -0.9978152 ]
148,[ 0.48648731  0.1515073   0.4512143   0.99586858 -0.08098098 -0.04108339
 -0.0366963   0.05493814 -0.9978152 ]
152,[ 0.48648731  0.1515073   0.4512143   0.99586858 -0.08098098 -0.04108339
 -0.0366963   0.05493814 -0.9978152 ]
156,[ 0.48648731  0.1515073   0.4512143   0.99586858 -0.08098098 -0.04108339
 -0.0366963   0.05493814 -0.9978152 ]
160,[ 0.48648731  0.1515073   0.4512143   0.99586858 -0.08098098 -0.04108339
 -0.0366963   0.05493814 -0.9978152 ]
164,[ 0.48648731  0.1515073   0.4512143   0.99586858 -0.08098098 -0.04108339
 -0.0366963   0.05493814 -0.9978152 ]
168,[ 0.48648731  0.1515073   0.4512143   0.99586858 -0.08098098 -0.04108339
 -0.0366963   0.05493814 -0.9978152 ]
172,[ 0.48648731  0.1515073   0.4512143   0.99586858 -0.08098098 -0.04108339
 -0.0366963   0.05493814 -0.9978152 ]
176,[ 0.48648731  0.1515073   0.4512143   0.99586858 -0.08098098 -0.04108339
 -0.0366963   0.05493814 -0.9978152 ]
180,[ 0.48648731  0.1515073   0.4512143   0.99586858 -0.08098098 -0.04108339
 -0.0366963   0.05493814 -0.9978152 ]
184,[ 0.48648731  0.1515073   0.4512143   0.99586858 -0.08098098 -0.04108339
 -0.0366963   0.05493814 -0.9978152 ]
188,[ 0.48648731  0.1515073   0.4512143   0.99586858 -0.08098098 -0.04108339
 -0.0366963   0.05493814 -0.9978152 ]
192,[ 0.48648731  0.1515073   0.4512143   0.99586858 -0.08098098 -0.04108339
 -0.0366963   0.05493814 -0.9978152 ]
196,[ 0.48648731  0.1515073   0.4512143   0.99586858 -0.08098098 -0.04108339
 -0.0366963   0.05493814 -0.9978152 ]
200,[ 0.48648731  0.1515073   0.4512143   0.99586858 -0.08098098 -0.04108339
 -0.0366963   0.05493814 -0.9978152 ]
204,[ 0.48648731  0.1515073   0.4512143   0.99586858 -0.08098098 -0.04108339
 -0.0366963   0.05493814 -0.9978152 ]
208,[ 0.48648731  0.1515073   0.4512143   0.99586858 -0.08098098 -0.04108339
 -0.0366963   0.05493814 -0.9978152 ]
212,[ 0.48648731  0.1515073   0.4512143   0.99586858 -0.08098098 -0.04108339
 -0.0366963   0.05493814 -0.9978152 ]
216,[ 0.48648731  0.1515073   0.4512143   0.99586858 -0.08098098 -0.04108339
 -0.0366963   0.05493814 -0.9978152 ]
220,[ 0.48648731  0.1515073   0.4512143   0.99586858 -0.08098098 -0.04108339
 -0.0366963   0.05493814 -0.9978152 ]
224,[ 0.48648731  0.1515073   0.4512143   0.99586858 -0.08098098 -0.04108339
 -0.0366963   0.05493814 -0.9978152 ]
228,[ 0.48648731  0.1515073   0.4512143   0.99586858 -0.08098098 -0.04108339
 -0.0366963   0.05493814 -0.9978152 ]
232,[ 0.48648731  0.1515073   0.4512143   0.99586858 -0.08098098 -0.04108339
 -0.0366963   0.05493814 -0.9978152 ]
236,[ 0.48648731  0.1515073   0.4512143   0.99586858 -0.08098098 -0.04108339
 -0.0366963   0.05493814 -0.9978152 ]
240,[ 0.48648731  0.1515073   0.4512143   0.99586858 -0.08098098 -0.04108339
 -0.0366963   0.05493814 -0.9978152 ]
244,[ 0.48648731  0.1515073   0.4512143   0.99586858 -0.08098098 -0.04108339
 -0.0366963   0.05493814 -0.9978152 ]
248,[ 0.48648731  0.1515073   0.4512143   0.99586858 -0.08098098 -0.04108339
 -0.0366963   0.05493814 -0.9978152 ]
252,[ 0.48648731  0.1515073   0.4512143   0.99586858 -0.08098098 -0.04108339
 -0.0366963   0.05493814 -0.9978152 ]
256,[ 0.48648731  0.1515073   0.4512143   0.99586858 -0.08098098 -0.04108339
 -0.0366963   0.05493814 -0.9978152 ]
260,[ 0.48648731  0.1515073   0.4512143   0.99586858 -0.08098098 -0.04108339
 -0.0366963   0.05493814 -0.9978152 ]
264,[ 0.48648731  0.1515073   0.4512143   0.99586858 -0.08098098 -0.04108339
 -0.0366963   0.05493814 -0.9978152 ]
268,[ 0.48648731  0.1515073   0.4512143   0.99586858 -0.08098098 -0.04108339
 -0.0366963   0.05493814 -0.9978152 ]
272,[ 0.48648731  0.1515073   0.4512143   0.99586858 -0.08098098 -0.04108339
 -0.0366963   0.05493814 -0.9978152 ]
276,[ 0.48648731  0.1515073   0.4512143   0.99586858 -0.08098098 -0.04108339
 -0.0366963   0.05493814 -0.9978152 ]
280,[ 0.48648731  0.1515073   0.4512143   0.99586858 -0.08098098 -0.04108339
 -0.0366963   0.05493814 -0.9978152 ]
284,[ 0.48648731  0.1515073   0.4512143   0.99586858 -0.08098098 -0.04108339
 -0.0366963   0.05493814 -0.9978152 ]
288,[ 0.48648731  0.1515073   0.4512143   0.99586858 -0.08098098 -0.04108339
 -0.0366963   0.05493814 -0.9978152 ]
292,[ 0.48648731  0.1515073   0.4512143   0.99586858 -0.08098098 -0.04108339
 -0.0366963   0.05493814 -0.9978152 ]
296,[ 0.48648731  0.1515073   0.4512143   0.99586858 -0.08098098 -0.04108339
 -0.0366963   0.05493814 -0.9978152 ]
300,[ 0.48648731  0.1515073   0.4512143   0.99586858 -0.08098098 -0.04108339
 -0.0366963   0.05493814 -0.9978152 ]
304,[ 0.48648731  0.1515073   0.4512143   0.99586858 -0.08098098 -0.04108339
 -0.0366963   0.05493814 -0.9978152 ]
308,[ 0.48648731  0.1515073   0.4512143   0.99586858 -0.08098098 -0.04108339
 -0.0366963   0.05493814 -0.9978152 ]
312,[ 0.48648731  0.1515073   0.4512143   0.99586858 -0.08098098 -0.04108339
 -0.0366963   0.05493814 -0.9978152 ]
316,[ 0.48648731  0.1515073   0.4512143   0.99586858 -0.08098098 -0.04108339
 -0.0366963   0.05493814 -0.9978152 ]
320,[ 0.48648731  0.1515073   0.4512143   0.99586858 -0.08098098 -0.04108339
 -0.0366963   0.05493814 -0.9978152 ]
324,[ 0.48648731  0.1515073   0.4512143   0.99586858 -0.08098098 -0.04108339
 -0.0366963   0.05493814 -0.9978152 ]
328,[ 0.48648731  0.1515073   0.4512143   0.99586858 -0.08098098 -0.04108339
 -0.0366963   0.05493814 -0.9978152 ]
332,[ 0.48648731  0.1515073   0.4512143   0.99586858 -0.08098098 -0.04108339
 -0.0366963   0.05493814 -0.9978152 ]
336,[ 0.48648731  0.1515073   0.4512143   0.99586858 -0.08098098 -0.04108339
 -0.0366963   0.05493814 -0.9978152 ]
340,[ 0.48648731  0.1515073   0.4512143   0.99586858 -0.08098098 -0.04108339
 -0.0366963   0.05493814 -0.9978152 ]
344,[ 0.48648731  0.1515073   0.4512143   0.99586858 -0.08098098 -0.04108339
 -0.0366963   0.05493814 -0.9978152 ]
348,[ 0.48648731  0.1515073   0.4512143   0.99586858 -0.08098098 -0.04108339
 -0.0366963   0.05493814 -0.9978152 ]
352,[ 0.48648731  0.1515073   0.4512143   0.99586858 -0.08098098 -0.04108339
 -0.0366963   0.05493814 -0.9978152 ]
356,[ 0.48648731  0.1515073   0.4512143   0.99586858 -0.08098098 -0.04108339
 -0.0366963   0.05493814 -0.9978152 ]
360,[ 0.48648731  0.1515073   0.4512143   0.99586858 -0.08098098 -0.04108339
 -0.0366963   0.05493814 -0.9978152 ]
364,[ 0.48648731  0.1515073   0.4512143   0.99586858 -0.08098098 -0.04108339
 -0.0366963   0.05493814 -0.9978152 ]
368,[ 0.48648731  0.1515073   0.4512143   0.99586858 -0.08098098 -0.04108339
 -0.0366963   0.05493814 -0.9978152 ]
372,[ 0.48648731  0.1515073   0.4512143   0.99586858 -0.08098098 -0.04108339
 -0.0366963   0.05493814 -0.9978152 ]
376,[ 0.48648731  0.1515073   0.4512143   0.99586858 -0.08098098 -0.04108339
 -0.0366963   0.05493814 -0.9978152 ]
380,[ 0.48648731  0.1515073   0.4512143   0.99586858 -0.08098098 -0.04108339
 -0.0366963   0.05493814 -0.9978152 ]
384,[ 0.48648731  0.1515073   0.4512143   0.99586858 -0.08098098 -0.04108339
 -0.0366963   0.05493814 -0.9978152 ]
388,[ 0.48648731  0.1515073   0.4512143   0.99586858 -0.08098098 -0.04108339
 -0.0366963   0.05493814 -0.9978152 ]
392,[ 0.48648731  0.1515073   0.4512143   0.99586858 -0.08098098 -0.04108339
 -0.0366963   0.05493814 -0.9978152 ]
396,[ 0.48648731  0.1515073   0.4512143   0.99586858 -0.08098098 -0.04108339
 -0.0366963   0.05493814 -0.9978152 ]
400,[ 0.48648731  0.1515073   0.4512143   0.99586858 -0.08098098 -0.04108339
 -0.0366963   0.05493814 -0.9978152 ]
404,[ 0.48648731  0.1515073   0.4512143   0.99586858 -0.08098098 -0.04108339
 -0.0366963   0.05493814 -0.9978152 ]
408,[ 0.48648731  0.1515073   0.4512143   0.99586858 -0.08098098 -0.04108339
 -0.0366963   0.05493814 -0.9978152 ]
412,[ 0.48648731  0.1515073   0.4512143   0.99586858 -0.08098098 -0.04108339
 -0.0366963   0.05493814 -0.9978152 ]
416,[ 0.48648731  0.1515073   0.4512143   0.99586858 -0.08098098 -0.04108339
 -0.0366963   0.05493814 -0.9978152 ]
420,[ 0.48648731  0.1515073   0.4512143   0.99586858 -0.08098098 -0.04108339
 -0.0366963   0.05493814 -0.9978152 ]
424,[ 0.48648731  0.1515073   0.4512143   0.99586858 -0.08098098 -0.04108339
 -0.0366963   0.05493814 -0.9978152 ]
428,[ 0.48648731  0.1515073   0.4512143   0.99586858 -0.08098098 -0.04108339
 -0.0366963   0.05493814 -0.9978152 ]
432,[ 0.48648731  0.1515073   0.4512143   0.99586858 -0.08098098 -0.04108339
 -0.0366963   0.05493814 -0.9978152 ]
436,[ 0.48648731  0.1515073   0.4512143   0.99586858 -0.08098098 -0.04108339
 -0.0366963   0.05493814 -0.9978152 ]
440,[ 0.48648731  0.1515073   0.4512143   0.99586858 -0.08098098 -0.04108339
 -0.0366963   0.05493814 -0.9978152 ]
444,[ 0.48648731  0.1515073   0.4512143   0.99586858 -0.08098098 -0.04108339
 -0.0366963   0.05493814 -0.9978152 ]
448,[ 0.48648731  0.1515073   0.4512143   0.99586858 -0.08098098 -0.04108339
 -0.0366963   0.05493814 -0.9978152 ]
452,[ 0.48648731  0.1515073   0.4512143   0.99586858 -0.08098098 -0.04108339
 -0.0366963   0.05493814 -0.9978152 ]
456,[ 0.48648731  0.1515073   0.4512143   0.99586858 -0.08098098 -0.04108339
 -0.0366963   0.05493814 -0.9978152 ]
460,[ 0.48648731  0.1515073   0.4512143   0.99586858 -0.08098098 -0.04108339
 -0.0366963   0.05493814 -0.9978152 ]
464,[ 0.48648731  0.1515073   0.4512143   0.99586858 -0.08098098 -0.04108339
 -0.0366963   0.05493814 -0.9978152 ]
468,[ 0.48648731  0.1515073   0.4512143   0.99586858 -0.08098098 -0.04108339
 -0.0366963   0.05493814 -0.9978152 ]
472,[ 0.48648731  0.1515073   0.4512143   0.99586858 -0.08098098 -0.04108339
 -0.0366963   0.05493814 -0.9978152 ]
476,[ 0.48648731  0.1515073   0.4512143   0.99586858 -0.08098098 -0.04108339
 -0.0366963   0.05493814 -0.9978152 ]
480,[ 0.48648731  0.1515073   0.4512143   0.99586858 -0.08098098 -0.04108339
 -0.0366963   0.05493814 -0.9978152 ]
484,[ 0.48648731  0.1515073   0.4512143   0.99586858 -0.08098098 -0.04108339
 -0.0366963   0.05493814 -0.9978152 ]
488,[ 0.48648731  0.1515073   0.4512143   0.99586858 -0.08098098 -0.04108339
 -0.0366963   0.05493814 -0.9978152 ]
492,[ 0.48648731  0.1515073   0.4512143   0.99586858 -0.08098098 -0.04108339
 -0.0366963   0.05493814 -0.9978152 ]
496,[ 0.48648731  0.1515073   0.4512143   0.99586858 -0.08098098 -0.04108339
 -0.0366963   0.05493814 -0.9978152 ]
500,[ 0.48648731  0.1515073   0.4512143   0.99586858 -0.08098098 -0.04108339
 -0.0366963   0.05493814 -0.9978152 ]
504,[ 0.48648731  0.1515073   0.4512143   0.99586858 -0.08098098 -0.04108339
 -0.0366963   0.05493814 -0.9978152 ]
508,[ 0.48648731  0.1515073   0.4512143   0.99586858 -0.08098098 -0.04108339
 -0.0366963   0.05493814 -0.9978152 ]
512,[ 0.48648731  0.1515073   0.4512143   0.99586858 -0.08098098 -0.04108339
 -0.0366963   0.05493814 -0.9978152 ]
516,[ 0.48648731  0.1515073   0.4512143   0.99586858 -0.08098098 -0.04108339
 -0.0366963   0.05493814 -0.9978152 ]
520,[ 0.48648731  0.1515073   0.4512143   0.99586858 -0.08098098 -0.04108339
 -0.0366963   0.05493814 -0.9978152 ]
524,[ 0.48648731  0.1515073   0.4512143   0.99586858 -0.08098098 -0.04108339
 -0.0366963   0.05493814 -0.9978152 ]
528,[ 0.48648731  0.1515073   0.4512143   0.99586858 -0.08098098 -0.04108339
 -0.0366963   0.05493814 -0.9978152 ]
532,[ 0.48648731  0.1515073   0.4512143   0.99586858 -0.08098098 -0.04108339
 -0.0366963   0.05493814 -0.9978152 ]
536,[ 0.48648731  0.1515073   0.4512143   0.99586858 -0.08098098 -0.04108339
 -0.0366963   0.05493814 -0.9978152 ]
