0,[[ 3.38173658e-03  7.92259157e-01  1.06700230e+00 ...  5.77186973e-02
  -9.94064245e-01  8.00000000e+00]
 [ 3.38173658e-03  7.92259157e-01  1.06700230e+00 ...  5.77186973e-02
  -9.94064245e-01  9.00000000e+00]
 [ 3.38173658e-03  7.92259157e-01  1.06700230e+00 ...  5.77186973e-02
  -9.94064245e-01  1.00000000e+01]
 ...
 [ 3.38173658e-03  7.92259157e-01  1.06700230e+00 ...  5.77186973e-02
  -9.94064245e-01  3.00000000e+01]
 [ 3.38173658e-03  7.92259157e-01  1.06700230e+00 ...  5.77186973e-02
  -9.94064245e-01  3.10000000e+01]
 [ 3.38173658e-03  7.92259157e-01  1.06700230e+00 ...  5.77186973e-02
  -9.94064245e-01  3.20000000e+01]]
0,[[-0.29298139  0.54137313  0.56385881 ...  0.0577206  -0.99404091
   8.        ]
 [-0.29298139  0.54137313  0.56385881 ...  0.0577206  -0.99404091
   9.        ]
 [-0.29298139  0.54137313  0.56385881 ...  0.0577206  -0.99404091
  10.        ]
 ...
 [-0.29298139  0.54137313  0.56385881 ...  0.0577206  -0.99404091
  30.        ]
 [-0.29298139  0.54137313  0.56385881 ...  0.0577206  -0.99404091
  31.        ]
 [-0.29298139  0.54137313  0.56385881 ...  0.0577206  -0.99404091
  32.        ]]
16,[[ 1.10541439  1.45099509 -1.09664416 ... -0.10077635 -0.93151144
   8.        ]
 [ 1.10541439  1.45099509 -1.09664416 ... -0.10077635 -0.93151144
   9.        ]
 [ 1.10541439  1.45099509 -1.09664416 ... -0.10077635 -0.93151144
  10.        ]
 ...
 [ 1.10541439  1.45099509 -1.09664416 ... -0.10077635 -0.93151144
  30.        ]
 [ 1.10541439  1.45099509 -1.09664416 ... -0.10077635 -0.93151144
  31.        ]
 [ 1.10541439  1.45099509 -1.09664416 ... -0.10077635 -0.93151144
  32.        ]]
32,[[-0.40198329  1.92095029  0.14240679 ... -0.25859126 -0.7541869
   8.        ]
 [-0.40198329  1.92095029  0.14240679 ... -0.25859126 -0.7541869
   9.        ]
 [-0.40198329  1.92095029  0.14240679 ... -0.25859126 -0.7541869
  10.        ]
 ...
 [-0.40198329  1.92095029  0.14240679 ... -0.25859126 -0.7541869
  30.        ]
 [-0.40198329  1.92095029  0.14240679 ... -0.25859126 -0.7541869
  31.        ]
 [-0.40198329  1.92095029  0.14240679 ... -0.25859126 -0.7541869
  32.        ]]
48,[[-0.35071954  0.86240351  0.54475754 ... -0.31071055 -0.65104071
   8.        ]
 [-0.35071954  0.86240351  0.54475754 ... -0.31071055 -0.65104071
   9.        ]
 [-0.35071954  0.86240351  0.54475754 ... -0.31071055 -0.65104071
  10.        ]
 ...
 [-0.35071954  0.86240351  0.54475754 ... -0.31071055 -0.65104071
  30.        ]
 [-0.35071954  0.86240351  0.54475754 ... -0.31071055 -0.65104071
  31.        ]
 [-0.35071954  0.86240351  0.54475754 ... -0.31071055 -0.65104071
  32.        ]]
64,[[ 0.44586849  0.48857841  1.17662382 ... -0.29178232 -0.59565808
   8.        ]
 [ 0.44586849  0.48857841  1.17662382 ... -0.29178232 -0.59565808
   9.        ]
 [ 0.44586849  0.48857841  1.17662382 ... -0.29178232 -0.59565808
  10.        ]
 ...
 [ 0.44586849  0.48857841  1.17662382 ... -0.29178232 -0.59565808
  30.        ]
 [ 0.44586849  0.48857841  1.17662382 ... -0.29178232 -0.59565808
  31.        ]
 [ 0.44586849  0.48857841  1.17662382 ... -0.29178232 -0.59565808
  32.        ]]
80,[[-0.08370975  0.80696762 -0.18611312 ... -0.5337987  -0.64466532
   8.        ]
 [-0.08370975  0.80696762 -0.18611312 ... -0.5337987  -0.64466532
   9.        ]
 [-0.08370975  0.80696762 -0.18611312 ... -0.5337987  -0.64466532
  10.        ]
 ...
 [-0.08370975  0.80696762 -0.18611312 ... -0.5337987  -0.64466532
  30.        ]
 [-0.08370975  0.80696762 -0.18611312 ... -0.5337987  -0.64466532
  31.        ]
 [-0.08370975  0.80696762 -0.18611312 ... -0.5337987  -0.64466532
  32.        ]]
96,[[-1.8131001   1.98703551 -0.05134937 ... -0.58968141 -0.6918379
   8.        ]
 [-1.8131001   1.98703551 -0.05134937 ... -0.58968141 -0.6918379
   9.        ]
 [-1.8131001   1.98703551 -0.05134937 ... -0.58968141 -0.6918379
  10.        ]
 ...
 [-1.8131001   1.98703551 -0.05134937 ... -0.58968141 -0.6918379
  30.        ]
 [-1.8131001   1.98703551 -0.05134937 ... -0.58968141 -0.6918379
  31.        ]
 [-1.8131001   1.98703551 -0.05134937 ... -0.58968141 -0.6918379
  32.        ]]
112,[[ 0.11297791 -0.39543319  0.1802246  ... -0.58961224 -0.64977445
   8.        ]
 [ 0.11297791 -0.39543319  0.1802246  ... -0.58961224 -0.64977445
   9.        ]
 [ 0.11297791 -0.39543319  0.1802246  ... -0.58961224 -0.64977445
  10.        ]
 ...
 [ 0.11297791 -0.39543319  0.1802246  ... -0.58961224 -0.64977445
  30.        ]
 [ 0.11297791 -0.39543319  0.1802246  ... -0.58961224 -0.64977445
  31.        ]
 [ 0.11297791 -0.39543319  0.1802246  ... -0.58961224 -0.64977445
  32.        ]]
128,[[-0.50885373  1.94119716  1.35607576 ... -0.63999083 -0.57124034
   8.        ]
 [-0.50885373  1.94119716  1.35607576 ... -0.63999083 -0.57124034
   9.        ]
 [-0.50885373  1.94119716  1.35607576 ... -0.63999083 -0.57124034
  10.        ]
 ...
 [-0.50885373  1.94119716  1.35607576 ... -0.63999083 -0.57124034
  30.        ]
 [-0.50885373  1.94119716  1.35607576 ... -0.63999083 -0.57124034
  31.        ]
 [-0.50885373  1.94119716  1.35607576 ... -0.63999083 -0.57124034
  32.        ]]
144,[[-0.63816172  1.54597473  0.07619269 ... -0.69355121 -0.51743599
   8.        ]
 [-0.63816172  1.54597473  0.07619269 ... -0.69355121 -0.51743599
   9.        ]
 [-0.63816172  1.54597473  0.07619269 ... -0.69355121 -0.51743599
  10.        ]
 ...
 [-0.63816172  1.54597473  0.07619269 ... -0.69355121 -0.51743599
  30.        ]
 [-0.63816172  1.54597473  0.07619269 ... -0.69355121 -0.51743599
  31.        ]
 [-0.63816172  1.54597473  0.07619269 ... -0.69355121 -0.51743599
  32.        ]]
160,[[-1.19477332  1.2525878   0.69023031 ... -0.72076311 -0.49897758
   8.        ]
 [-1.19477332  1.2525878   0.69023031 ... -0.72076311 -0.49897758
   9.        ]
 [-1.19477332  1.2525878   0.69023031 ... -0.72076311 -0.49897758
  10.        ]
 ...
 [-1.19477332  1.2525878   0.69023031 ... -0.72076311 -0.49897758
  30.        ]
 [-1.19477332  1.2525878   0.69023031 ... -0.72076311 -0.49897758
  31.        ]
 [-1.19477332  1.2525878   0.69023031 ... -0.72076311 -0.49897758
  32.        ]]
176,[[-0.04601315  0.89963019  1.16125202 ... -0.71666699 -0.50479425
   8.        ]
 [-0.04601315  0.89963019  1.16125202 ... -0.71666699 -0.50479425
   9.        ]
 [-0.04601315  0.89963019  1.16125202 ... -0.71666699 -0.50479425
  10.        ]
 ...
 [-0.04601315  0.89963019  1.16125202 ... -0.71666699 -0.50479425
  30.        ]
 [-0.04601315  0.89963019  1.16125202 ... -0.71666699 -0.50479425
  31.        ]
 [-0.04601315  0.89963019  1.16125202 ... -0.71666699 -0.50479425
  32.        ]]
192,[[-0.25239772  1.09380066  0.82424152 ... -0.70046806 -0.52091945
   8.        ]
 [-0.25239772  1.09380066  0.82424152 ... -0.70046806 -0.52091945
   9.        ]
 [-0.25239772  1.09380066  0.82424152 ... -0.70046806 -0.52091945
  10.        ]
 ...
 [-0.25239772  1.09380066  0.82424152 ... -0.70046806 -0.52091945
  30.        ]
 [-0.25239772  1.09380066  0.82424152 ... -0.70046806 -0.52091945
  31.        ]
 [-0.25239772  1.09380066  0.82424152 ... -0.70046806 -0.52091945
  32.        ]]
208,[[-0.78082657  0.80006611  0.33840835 ... -0.68710221 -0.53507186
   8.        ]
 [-0.78082657  0.80006611  0.33840835 ... -0.68710221 -0.53507186
   9.        ]
 [-0.78082657  0.80006611  0.33840835 ... -0.68710221 -0.53507186
  10.        ]
 ...
 [-0.78082657  0.80006611  0.33840835 ... -0.68710221 -0.53507186
  30.        ]
 [-0.78082657  0.80006611  0.33840835 ... -0.68710221 -0.53507186
  31.        ]
 [-0.78082657  0.80006611  0.33840835 ... -0.68710221 -0.53507186
  32.        ]]
224,[[-1.00134861  1.58397818  1.25630975 ... -0.68134997 -0.54407061
   8.        ]
 [-1.00134861  1.58397818  1.25630975 ... -0.68134997 -0.54407061
   9.        ]
 [-1.00134861  1.58397818  1.25630975 ... -0.68134997 -0.54407061
  10.        ]
 ...
 [-1.00134861  1.58397818  1.25630975 ... -0.68134997 -0.54407061
  30.        ]
 [-1.00134861  1.58397818  1.25630975 ... -0.68134997 -0.54407061
  31.        ]
 [-1.00134861  1.58397818  1.25630975 ... -0.68134997 -0.54407061
  32.        ]]
240,[[ 0.12669756  0.96773672  0.15000004 ... -0.67867626 -0.55059333
   8.        ]
 [ 0.12669756  0.96773672  0.15000004 ... -0.67867626 -0.55059333
   9.        ]
 [ 0.12669756  0.96773672  0.15000004 ... -0.67867626 -0.55059333
  10.        ]
 ...
 [ 0.12669756  0.96773672  0.15000004 ... -0.67867626 -0.55059333
  30.        ]
 [ 0.12669756  0.96773672  0.15000004 ... -0.67867626 -0.55059333
  31.        ]
 [ 0.12669756  0.96773672  0.15000004 ... -0.67867626 -0.55059333
  32.        ]]
256,[[-0.7737726   0.53481734  0.16462988 ... -0.67670171 -0.5556316
   8.        ]
 [-0.7737726   0.53481734  0.16462988 ... -0.67670171 -0.5556316
   9.        ]
 [-0.7737726   0.53481734  0.16462988 ... -0.67670171 -0.5556316
  10.        ]
 ...
 [-0.7737726   0.53481734  0.16462988 ... -0.67670171 -0.5556316
  30.        ]
 [-0.7737726   0.53481734  0.16462988 ... -0.67670171 -0.5556316
  31.        ]
 [-0.7737726   0.53481734  0.16462988 ... -0.67670171 -0.5556316
  32.        ]]
272,[[ 0.10758836  0.8608827   0.83703047 ... -0.67566354 -0.55936077
   8.        ]
 [ 0.10758836  0.8608827   0.83703047 ... -0.67566354 -0.55936077
   9.        ]
 [ 0.10758836  0.8608827   0.83703047 ... -0.67566354 -0.55936077
  10.        ]
 ...
 [ 0.10758836  0.8608827   0.83703047 ... -0.67566354 -0.55936077
  30.        ]
 [ 0.10758836  0.8608827   0.83703047 ... -0.67566354 -0.55936077
  31.        ]
 [ 0.10758836  0.8608827   0.83703047 ... -0.67566354 -0.55936077
  32.        ]]
288,[[ 0.25683817  0.79314393  1.58050013 ... -0.67520141 -0.56217402
   8.        ]
 [ 0.25683817  0.79314393  1.58050013 ... -0.67520141 -0.56217402
   9.        ]
 [ 0.25683817  0.79314393  1.58050013 ... -0.67520141 -0.56217402
  10.        ]
 ...
 [ 0.25683817  0.79314393  1.58050013 ... -0.67520141 -0.56217402
  30.        ]
 [ 0.25683817  0.79314393  1.58050013 ... -0.67520141 -0.56217402
  31.        ]
 [ 0.25683817  0.79314393  1.58050013 ... -0.67520141 -0.56217402
  32.        ]]
304,[[-0.57858258  0.74105567  0.23131859 ... -0.67465727 -0.56449914
   8.        ]
 [-0.57858258  0.74105567  0.23131859 ... -0.67465727 -0.56449914
   9.        ]
 [-0.57858258  0.74105567  0.23131859 ... -0.67465727 -0.56449914
  10.        ]
 ...
 [-0.57858258  0.74105567  0.23131859 ... -0.67465727 -0.56449914
  30.        ]
 [-0.57858258  0.74105567  0.23131859 ... -0.67465727 -0.56449914
  31.        ]
 [-0.57858258  0.74105567  0.23131859 ... -0.67465727 -0.56449914
  32.        ]]
320,[[ 0.45792431  1.80448616  1.23019886 ... -0.67389721 -0.56659516
   8.        ]
 [ 0.45792431  1.80448616  1.23019886 ... -0.67389721 -0.56659516
   9.        ]
 [ 0.45792431  1.80448616  1.23019886 ... -0.67389721 -0.56659516
  10.        ]
 ...
 [ 0.45792431  1.80448616  1.23019886 ... -0.67389721 -0.56659516
  30.        ]
 [ 0.45792431  1.80448616  1.23019886 ... -0.67389721 -0.56659516
  31.        ]
 [ 0.45792431  1.80448616  1.23019886 ... -0.67389721 -0.56659516
  32.        ]]
336,[[-0.68906766  0.47318417  1.21322942 ... -0.67308823 -0.56842125
   8.        ]
 [-0.68906766  0.47318417  1.21322942 ... -0.67308823 -0.56842125
   9.        ]
 [-0.68906766  0.47318417  1.21322942 ... -0.67308823 -0.56842125
  10.        ]
 ...
 [-0.68906766  0.47318417  1.21322942 ... -0.67308823 -0.56842125
  30.        ]
 [-0.68906766  0.47318417  1.21322942 ... -0.67308823 -0.56842125
  31.        ]
 [-0.68906766  0.47318417  1.21322942 ... -0.67308823 -0.56842125
  32.        ]]
352,[[ 0.06840122  0.61763597  1.08899188 ... -0.67229283 -0.57007285
   8.        ]
 [ 0.06840122  0.61763597  1.08899188 ... -0.67229283 -0.57007285
   9.        ]
 [ 0.06840122  0.61763597  1.08899188 ... -0.67229283 -0.57007285
  10.        ]
 ...
 [ 0.06840122  0.61763597  1.08899188 ... -0.67229283 -0.57007285
  30.        ]
 [ 0.06840122  0.61763597  1.08899188 ... -0.67229283 -0.57007285
  31.        ]
 [ 0.06840122  0.61763597  1.08899188 ... -0.67229283 -0.57007285
  32.        ]]
368,[[-0.15170877  0.16095001 -0.136951   ... -0.67151184 -0.57160023
   8.        ]
 [-0.15170877  0.16095001 -0.136951   ... -0.67151184 -0.57160023
   9.        ]
 [-0.15170877  0.16095001 -0.136951   ... -0.67151184 -0.57160023
  10.        ]
 ...
 [-0.15170877  0.16095001 -0.136951   ... -0.67151184 -0.57160023
  30.        ]
 [-0.15170877  0.16095001 -0.136951   ... -0.67151184 -0.57160023
  31.        ]
 [-0.15170877  0.16095001 -0.136951   ... -0.67151184 -0.57160023
  32.        ]]
384,[[-1.66577920e-02  1.08729386e+00  9.25337374e-01 ... -6.70822898e-01
  -5.72863392e-01  8.00000000e+00]
 [-1.66577920e-02  1.08729386e+00  9.25337374e-01 ... -6.70822898e-01
  -5.72863392e-01  9.00000000e+00]
 [-1.66577920e-02  1.08729386e+00  9.25337374e-01 ... -6.70822898e-01
  -5.72863392e-01  1.00000000e+01]
 ...
 [-1.66577920e-02  1.08729386e+00  9.25337374e-01 ... -6.70822898e-01
  -5.72863392e-01  3.00000000e+01]
 [-1.66577920e-02  1.08729386e+00  9.25337374e-01 ... -6.70822898e-01
  -5.72863392e-01  3.10000000e+01]
 [-1.66577920e-02  1.08729386e+00  9.25337374e-01 ... -6.70822898e-01
  -5.72863392e-01  3.20000000e+01]]
400,[[-0.12807238  1.39774239  0.26648799 ... -0.67016457 -0.57399956
   8.        ]
 [-0.12807238  1.39774239  0.26648799 ... -0.67016457 -0.57399956
   9.        ]
 [-0.12807238  1.39774239  0.26648799 ... -0.67016457 -0.57399956
  10.        ]
 ...
 [-0.12807238  1.39774239  0.26648799 ... -0.67016457 -0.57399956
  30.        ]
 [-0.12807238  1.39774239  0.26648799 ... -0.67016457 -0.57399956
  31.        ]
 [-0.12807238  1.39774239  0.26648799 ... -0.67016457 -0.57399956
  32.        ]]
416,[[ 0.045996    0.40290022  0.9483574  ... -0.66950991 -0.57507223
   8.        ]
 [ 0.045996    0.40290022  0.9483574  ... -0.66950991 -0.57507223
   9.        ]
 [ 0.045996    0.40290022  0.9483574  ... -0.66950991 -0.57507223
  10.        ]
 ...
 [ 0.045996    0.40290022  0.9483574  ... -0.66950991 -0.57507223
  30.        ]
 [ 0.045996    0.40290022  0.9483574  ... -0.66950991 -0.57507223
  31.        ]
 [ 0.045996    0.40290022  0.9483574  ... -0.66950991 -0.57507223
  32.        ]]
432,[[-3.21222842e-03  9.87255573e-01  1.07399321e+00 ... -6.68897892e-01
  -5.76032779e-01  8.00000000e+00]
 [-3.21222842e-03  9.87255573e-01  1.07399321e+00 ... -6.68897892e-01
  -5.76032779e-01  9.00000000e+00]
 [-3.21222842e-03  9.87255573e-01  1.07399321e+00 ... -6.68897892e-01
  -5.76032779e-01  1.00000000e+01]
 ...
 [-3.21222842e-03  9.87255573e-01  1.07399321e+00 ... -6.68897892e-01
  -5.76032779e-01  3.00000000e+01]
 [-3.21222842e-03  9.87255573e-01  1.07399321e+00 ... -6.68897892e-01
  -5.76032779e-01  3.10000000e+01]
 [-3.21222842e-03  9.87255573e-01  1.07399321e+00 ... -6.68897892e-01
  -5.76032779e-01  3.20000000e+01]]
448,[[-0.73160785  0.14351073  0.18540689 ... -0.66835615 -0.5768538
   8.        ]
 [-0.73160785  0.14351073  0.18540689 ... -0.66835615 -0.5768538
   9.        ]
 [-0.73160785  0.14351073  0.18540689 ... -0.66835615 -0.5768538
  10.        ]
 ...
 [-0.73160785  0.14351073  0.18540689 ... -0.66835615 -0.5768538
  30.        ]
 [-0.73160785  0.14351073  0.18540689 ... -0.66835615 -0.5768538
  31.        ]
 [-0.73160785  0.14351073  0.18540689 ... -0.66835615 -0.5768538
  32.        ]]
464,[[-1.18335509  1.47718906  0.35628647 ... -0.66783956 -0.5776125
   8.        ]
 [-1.18335509  1.47718906  0.35628647 ... -0.66783956 -0.5776125
   9.        ]
 [-1.18335509  1.47718906  0.35628647 ... -0.66783956 -0.5776125
  10.        ]
 ...
 [-1.18335509  1.47718906  0.35628647 ... -0.66783956 -0.5776125
  30.        ]
 [-1.18335509  1.47718906  0.35628647 ... -0.66783956 -0.5776125
  31.        ]
 [-1.18335509  1.47718906  0.35628647 ... -0.66783956 -0.5776125
  32.        ]]
480,[[ 0.09376928  1.00170505  1.58428645 ... -0.66736067 -0.57829585
   8.        ]
 [ 0.09376928  1.00170505  1.58428645 ... -0.66736067 -0.57829585
   9.        ]
 [ 0.09376928  1.00170505  1.58428645 ... -0.66736067 -0.57829585
  10.        ]
 ...
 [ 0.09376928  1.00170505  1.58428645 ... -0.66736067 -0.57829585
  30.        ]
 [ 0.09376928  1.00170505  1.58428645 ... -0.66736067 -0.57829585
  31.        ]
 [ 0.09376928  1.00170505  1.58428645 ... -0.66736067 -0.57829585
  32.        ]]
496,[[ 0.34682712  0.72190392  0.83403856 ... -0.66693887 -0.57888239
   8.        ]
 [ 0.34682712  0.72190392  0.83403856 ... -0.66693887 -0.57888239
   9.        ]
 [ 0.34682712  0.72190392  0.83403856 ... -0.66693887 -0.57888239
  10.        ]
 ...
 [ 0.34682712  0.72190392  0.83403856 ... -0.66693887 -0.57888239
  30.        ]
 [ 0.34682712  0.72190392  0.83403856 ... -0.66693887 -0.57888239
  31.        ]
 [ 0.34682712  0.72190392  0.83403856 ... -0.66693887 -0.57888239
  32.        ]]
512,[[ 0.58441854  0.82127786  0.47696334 ... -0.6665376  -0.57942744
   8.        ]
 [ 0.58441854  0.82127786  0.47696334 ... -0.6665376  -0.57942744
   9.        ]
 [ 0.58441854  0.82127786  0.47696334 ... -0.6665376  -0.57942744
  10.        ]
 ...
 [ 0.58441854  0.82127786  0.47696334 ... -0.6665376  -0.57942744
  30.        ]
 [ 0.58441854  0.82127786  0.47696334 ... -0.6665376  -0.57942744
  31.        ]
 [ 0.58441854  0.82127786  0.47696334 ... -0.6665376  -0.57942744
  32.        ]]
528,[[-0.73724049  0.83385098  0.22647744 ... -0.66612114 -0.57998004
   8.        ]
 [-0.73724049  0.83385098  0.22647744 ... -0.66612114 -0.57998004
   9.        ]
 [-0.73724049  0.83385098  0.22647744 ... -0.66612114 -0.57998004
  10.        ]
 ...
 [-0.73724049  0.83385098  0.22647744 ... -0.66612114 -0.57998004
  30.        ]
 [-0.73724049  0.83385098  0.22647744 ... -0.66612114 -0.57998004
  31.        ]
 [-0.73724049  0.83385098  0.22647744 ... -0.66612114 -0.57998004
  32.        ]]
544,[[ 0.22937624  0.39025849  0.79794985 ... -0.66578198 -0.58042021
   8.        ]
 [ 0.22937624  0.39025849  0.79794985 ... -0.66578198 -0.58042021
   9.        ]
 [ 0.22937624  0.39025849  0.79794985 ... -0.66578198 -0.58042021
  10.        ]
 ...
 [ 0.22937624  0.39025849  0.79794985 ... -0.66578198 -0.58042021
  30.        ]
 [ 0.22937624  0.39025849  0.79794985 ... -0.66578198 -0.58042021
  31.        ]
 [ 0.22937624  0.39025849  0.79794985 ... -0.66578198 -0.58042021
  32.        ]]
560,[[-0.95346582  1.16486382  0.53513712 ... -0.66546101 -0.58082831
   8.        ]
 [-0.95346582  1.16486382  0.53513712 ... -0.66546101 -0.58082831
   9.        ]
 [-0.95346582  1.16486382  0.53513712 ... -0.66546101 -0.58082831
  10.        ]
 ...
 [-0.95346582  1.16486382  0.53513712 ... -0.66546101 -0.58082831
  30.        ]
 [-0.95346582  1.16486382  0.53513712 ... -0.66546101 -0.58082831
  31.        ]
 [-0.95346582  1.16486382  0.53513712 ... -0.66546101 -0.58082831
  32.        ]]
576,[[ 0.1079389   1.34514809  0.92519253 ... -0.66516554 -0.58119658
   8.        ]
 [ 0.1079389   1.34514809  0.92519253 ... -0.66516554 -0.58119658
   9.        ]
 [ 0.1079389   1.34514809  0.92519253 ... -0.66516554 -0.58119658
  10.        ]
 ...
 [ 0.1079389   1.34514809  0.92519253 ... -0.66516554 -0.58119658
  30.        ]
 [ 0.1079389   1.34514809  0.92519253 ... -0.66516554 -0.58119658
  31.        ]
 [ 0.1079389   1.34514809  0.92519253 ... -0.66516554 -0.58119658
  32.        ]]
592,[[-0.04643629  2.03116179  0.98591536 ... -0.66489348 -0.58152905
   8.        ]
 [-0.04643629  2.03116179  0.98591536 ... -0.66489348 -0.58152905
   9.        ]
 [-0.04643629  2.03116179  0.98591536 ... -0.66489348 -0.58152905
  10.        ]
 ...
 [-0.04643629  2.03116179  0.98591536 ... -0.66489348 -0.58152905
  30.        ]
 [-0.04643629  2.03116179  0.98591536 ... -0.66489348 -0.58152905
  31.        ]
 [-0.04643629  2.03116179  0.98591536 ... -0.66489348 -0.58152905
  32.        ]]
608,[[-0.75650048  0.67526793  0.56572229 ... -0.66463706 -0.58183637
   8.        ]
 [-0.75650048  0.67526793  0.56572229 ... -0.66463706 -0.58183637
   9.        ]
 [-0.75650048  0.67526793  0.56572229 ... -0.66463706 -0.58183637
  10.        ]
 ...
 [-0.75650048  0.67526793  0.56572229 ... -0.66463706 -0.58183637
  30.        ]
 [-0.75650048  0.67526793  0.56572229 ... -0.66463706 -0.58183637
  31.        ]
 [-0.75650048  0.67526793  0.56572229 ... -0.66463706 -0.58183637
  32.        ]]
624,[[ 0.60017067  0.44045648  1.09904003 ... -0.66441256 -0.58210016
   8.        ]
 [ 0.60017067  0.44045648  1.09904003 ... -0.66441256 -0.58210016
   9.        ]
 [ 0.60017067  0.44045648  1.09904003 ... -0.66441256 -0.58210016
  10.        ]
 ...
 [ 0.60017067  0.44045648  1.09904003 ... -0.66441256 -0.58210016
  30.        ]
 [ 0.60017067  0.44045648  1.09904003 ... -0.66441256 -0.58210016
  31.        ]
 [ 0.60017067  0.44045648  1.09904003 ... -0.66441256 -0.58210016
  32.        ]]
640,[[-0.40884843  0.50694263  0.94765037 ... -0.66420055 -0.58234457
   8.        ]
 [-0.40884843  0.50694263  0.94765037 ... -0.66420055 -0.58234457
   9.        ]
 [-0.40884843  0.50694263  0.94765037 ... -0.66420055 -0.58234457
  10.        ]
 ...
 [-0.40884843  0.50694263  0.94765037 ... -0.66420055 -0.58234457
  30.        ]
 [-0.40884843  0.50694263  0.94765037 ... -0.66420055 -0.58234457
  31.        ]
 [-0.40884843  0.50694263  0.94765037 ... -0.66420055 -0.58234457
  32.        ]]
656,[[-0.10544388  0.36974552  0.27515948 ... -0.66400546 -0.58256517
   8.        ]
 [-0.10544388  0.36974552  0.27515948 ... -0.66400546 -0.58256517
   9.        ]
 [-0.10544388  0.36974552  0.27515948 ... -0.66400546 -0.58256517
  10.        ]
 ...
 [-0.10544388  0.36974552  0.27515948 ... -0.66400546 -0.58256517
  30.        ]
 [-0.10544388  0.36974552  0.27515948 ... -0.66400546 -0.58256517
  31.        ]
 [-0.10544388  0.36974552  0.27515948 ... -0.66400546 -0.58256517
  32.        ]]
672,[[-0.62353098  1.26389611  1.17839217 ... -0.66382171 -0.58276875
   8.        ]
 [-0.62353098  1.26389611  1.17839217 ... -0.66382171 -0.58276875
   9.        ]
 [-0.62353098  1.26389611  1.17839217 ... -0.66382171 -0.58276875
  10.        ]
 ...
 [-0.62353098  1.26389611  1.17839217 ... -0.66382171 -0.58276875
  30.        ]
 [-0.62353098  1.26389611  1.17839217 ... -0.66382171 -0.58276875
  31.        ]
 [-0.62353098  1.26389611  1.17839217 ... -0.66382171 -0.58276875
  32.        ]]
688,[[-1.52544230e-02  4.83019322e-01  1.03212142e+00 ... -6.63656966e-01
  -5.82947544e-01  8.00000000e+00]
 [-1.52544230e-02  4.83019322e-01  1.03212142e+00 ... -6.63656966e-01
  -5.82947544e-01  9.00000000e+00]
 [-1.52544230e-02  4.83019322e-01  1.03212142e+00 ... -6.63656966e-01
  -5.82947544e-01  1.00000000e+01]
 ...
 [-1.52544230e-02  4.83019322e-01  1.03212142e+00 ... -6.63656966e-01
  -5.82947544e-01  3.00000000e+01]
 [-1.52544230e-02  4.83019322e-01  1.03212142e+00 ... -6.63656966e-01
  -5.82947544e-01  3.10000000e+01]
 [-1.52544230e-02  4.83019322e-01  1.03212142e+00 ... -6.63656966e-01
  -5.82947544e-01  3.20000000e+01]]
704,[[ 1.45158321e-02  1.74531364e+00  8.63049448e-01 ... -6.63508952e-01
  -5.83104743e-01  8.00000000e+00]
 [ 1.45158321e-02  1.74531364e+00  8.63049448e-01 ... -6.63508952e-01
  -5.83104743e-01  9.00000000e+00]
 [ 1.45158321e-02  1.74531364e+00  8.63049448e-01 ... -6.63508952e-01
  -5.83104743e-01  1.00000000e+01]
 ...
 [ 1.45158321e-02  1.74531364e+00  8.63049448e-01 ... -6.63508952e-01
  -5.83104743e-01  3.00000000e+01]
 [ 1.45158321e-02  1.74531364e+00  8.63049448e-01 ... -6.63508952e-01
  -5.83104743e-01  3.10000000e+01]
 [ 1.45158321e-02  1.74531364e+00  8.63049448e-01 ... -6.63508952e-01
  -5.83104743e-01  3.20000000e+01]]
720,[[ 0.13318488  1.79761076  1.09737396 ... -0.66336944 -0.58325007
   8.        ]
 [ 0.13318488  1.79761076  1.09737396 ... -0.66336944 -0.58325007
   9.        ]
 [ 0.13318488  1.79761076  1.09737396 ... -0.66336944 -0.58325007
  10.        ]
 ...
 [ 0.13318488  1.79761076  1.09737396 ... -0.66336944 -0.58325007
  30.        ]
 [ 0.13318488  1.79761076  1.09737396 ... -0.66336944 -0.58325007
  31.        ]
 [ 0.13318488  1.79761076  1.09737396 ... -0.66336944 -0.58325007
  32.        ]]
0,[[-0.30579281  0.53807735  0.56052643 ... -0.78418429 -0.52264136
   8.        ]
 [-0.30579281  0.53807735  0.56052643 ... -0.78418429 -0.52264136
   9.        ]
 [-0.30579281  0.53807735  0.56052643 ... -0.78418429 -0.52264136
  10.        ]
 ...
 [-0.30579281  0.53807735  0.56052643 ... -0.78418429 -0.52264136
  30.        ]
 [-0.30579281  0.53807735  0.56052643 ... -0.78418429 -0.52264136
  31.        ]
 [-0.30579281  0.53807735  0.56052643 ... -0.78418429 -0.52264136
  32.        ]]
16,[[ 1.12031031  1.45075941 -1.1071496  ... -0.78418429 -0.52264136
   8.        ]
 [ 1.12031031  1.45075941 -1.1071496  ... -0.78418429 -0.52264136
   9.        ]
 [ 1.12031031  1.45075941 -1.1071496  ... -0.78418429 -0.52264136
  10.        ]
 ...
 [ 1.12031031  1.45075941 -1.1071496  ... -0.78418429 -0.52264136
  30.        ]
 [ 1.12031031  1.45075941 -1.1071496  ... -0.78418429 -0.52264136
  31.        ]
 [ 1.12031031  1.45075941 -1.1071496  ... -0.78418429 -0.52264136
  32.        ]]
32,[[-0.40801114  1.92083657  0.15159681 ... -0.78418429 -0.52264136
   8.        ]
 [-0.40801114  1.92083657  0.15159681 ... -0.78418429 -0.52264136
   9.        ]
 [-0.40801114  1.92083657  0.15159681 ... -0.78418429 -0.52264136
  10.        ]
 ...
 [-0.40801114  1.92083657  0.15159681 ... -0.78418429 -0.52264136
  30.        ]
 [-0.40801114  1.92083657  0.15159681 ... -0.78418429 -0.52264136
  31.        ]
 [-0.40801114  1.92083657  0.15159681 ... -0.78418429 -0.52264136
  32.        ]]
48,[[-0.35977906  0.88366002  0.54040533 ... -0.78418429 -0.52264136
   8.        ]
 [-0.35977906  0.88366002  0.54040533 ... -0.78418429 -0.52264136
   9.        ]
 [-0.35977906  0.88366002  0.54040533 ... -0.78418429 -0.52264136
  10.        ]
 ...
 [-0.35977906  0.88366002  0.54040533 ... -0.78418429 -0.52264136
  30.        ]
 [-0.35977906  0.88366002  0.54040533 ... -0.78418429 -0.52264136
  31.        ]
 [-0.35977906  0.88366002  0.54040533 ... -0.78418429 -0.52264136
  32.        ]]
64,[[ 0.4492251   0.4914234   1.17721462 ... -0.78418429 -0.52264136
   8.        ]
 [ 0.4492251   0.4914234   1.17721462 ... -0.78418429 -0.52264136
   9.        ]
 [ 0.4492251   0.4914234   1.17721462 ... -0.78418429 -0.52264136
  10.        ]
 ...
 [ 0.4492251   0.4914234   1.17721462 ... -0.78418429 -0.52264136
  30.        ]
 [ 0.4492251   0.4914234   1.17721462 ... -0.78418429 -0.52264136
  31.        ]
 [ 0.4492251   0.4914234   1.17721462 ... -0.78418429 -0.52264136
  32.        ]]
80,[[-0.08649573  0.80255497 -0.18089032 ... -0.78418429 -0.52264136
   8.        ]
 [-0.08649573  0.80255497 -0.18089032 ... -0.78418429 -0.52264136
   9.        ]
 [-0.08649573  0.80255497 -0.18089032 ... -0.78418429 -0.52264136
  10.        ]
 ...
 [-0.08649573  0.80255497 -0.18089032 ... -0.78418429 -0.52264136
  30.        ]
 [-0.08649573  0.80255497 -0.18089032 ... -0.78418429 -0.52264136
  31.        ]
 [-0.08649573  0.80255497 -0.18089032 ... -0.78418429 -0.52264136
  32.        ]]
96,[[-1.81348395  1.98748064 -0.05146077 ... -0.78418429 -0.52264136
   8.        ]
 [-1.81348395  1.98748064 -0.05146077 ... -0.78418429 -0.52264136
   9.        ]
 [-1.81348395  1.98748064 -0.05146077 ... -0.78418429 -0.52264136
  10.        ]
 ...
 [-1.81348395  1.98748064 -0.05146077 ... -0.78418429 -0.52264136
  30.        ]
 [-1.81348395  1.98748064 -0.05146077 ... -0.78418429 -0.52264136
  31.        ]
 [-1.81348395  1.98748064 -0.05146077 ... -0.78418429 -0.52264136
  32.        ]]
112,[[ 0.11508869 -0.40249527  0.18408054 ... -0.78418429 -0.52264136
   8.        ]
 [ 0.11508869 -0.40249527  0.18408054 ... -0.78418429 -0.52264136
   9.        ]
 [ 0.11508869 -0.40249527  0.18408054 ... -0.78418429 -0.52264136
  10.        ]
 ...
 [ 0.11508869 -0.40249527  0.18408054 ... -0.78418429 -0.52264136
  30.        ]
 [ 0.11508869 -0.40249527  0.18408054 ... -0.78418429 -0.52264136
  31.        ]
 [ 0.11508869 -0.40249527  0.18408054 ... -0.78418429 -0.52264136
  32.        ]]
128,[[-0.51136631  1.94475651  1.35632634 ... -0.78418429 -0.52264136
   8.        ]
 [-0.51136631  1.94475651  1.35632634 ... -0.78418429 -0.52264136
   9.        ]
 [-0.51136631  1.94475651  1.35632634 ... -0.78418429 -0.52264136
  10.        ]
 ...
 [-0.51136631  1.94475651  1.35632634 ... -0.78418429 -0.52264136
  30.        ]
 [-0.51136631  1.94475651  1.35632634 ... -0.78418429 -0.52264136
  31.        ]
 [-0.51136631  1.94475651  1.35632634 ... -0.78418429 -0.52264136
  32.        ]]
144,[[-0.63880199  1.54534566  0.07945733 ... -0.78418429 -0.52264136
   8.        ]
 [-0.63880199  1.54534566  0.07945733 ... -0.78418429 -0.52264136
   9.        ]
 [-0.63880199  1.54534566  0.07945733 ... -0.78418429 -0.52264136
  10.        ]
 ...
 [-0.63880199  1.54534566  0.07945733 ... -0.78418429 -0.52264136
  30.        ]
 [-0.63880199  1.54534566  0.07945733 ... -0.78418429 -0.52264136
  31.        ]
 [-0.63880199  1.54534566  0.07945733 ... -0.78418429 -0.52264136
  32.        ]]
160,[[-1.1984545   1.24683857  0.69311059 ... -0.78418429 -0.52264136
   8.        ]
 [-1.1984545   1.24683857  0.69311059 ... -0.78418429 -0.52264136
   9.        ]
 [-1.1984545   1.24683857  0.69311059 ... -0.78418429 -0.52264136
  10.        ]
 ...
 [-1.1984545   1.24683857  0.69311059 ... -0.78418429 -0.52264136
  30.        ]
 [-1.1984545   1.24683857  0.69311059 ... -0.78418429 -0.52264136
  31.        ]
 [-1.1984545   1.24683857  0.69311059 ... -0.78418429 -0.52264136
  32.        ]]
176,[[-0.05379035  0.8921743   1.17032671 ... -0.78418429 -0.52264136
   8.        ]
 [-0.05379035  0.8921743   1.17032671 ... -0.78418429 -0.52264136
   9.        ]
 [-0.05379035  0.8921743   1.17032671 ... -0.78418429 -0.52264136
  10.        ]
 ...
 [-0.05379035  0.8921743   1.17032671 ... -0.78418429 -0.52264136
  30.        ]
 [-0.05379035  0.8921743   1.17032671 ... -0.78418429 -0.52264136
  31.        ]
 [-0.05379035  0.8921743   1.17032671 ... -0.78418429 -0.52264136
  32.        ]]
192,[[-0.25418264  1.0939362   0.82675272 ... -0.78418429 -0.52264136
   8.        ]
 [-0.25418264  1.0939362   0.82675272 ... -0.78418429 -0.52264136
   9.        ]
 [-0.25418264  1.0939362   0.82675272 ... -0.78418429 -0.52264136
  10.        ]
 ...
 [-0.25418264  1.0939362   0.82675272 ... -0.78418429 -0.52264136
  30.        ]
 [-0.25418264  1.0939362   0.82675272 ... -0.78418429 -0.52264136
  31.        ]
 [-0.25418264  1.0939362   0.82675272 ... -0.78418429 -0.52264136
  32.        ]]
208,[[-0.78138644  0.79958379  0.34267408 ... -0.78418429 -0.52264136
   8.        ]
 [-0.78138644  0.79958379  0.34267408 ... -0.78418429 -0.52264136
   9.        ]
 [-0.78138644  0.79958379  0.34267408 ... -0.78418429 -0.52264136
  10.        ]
 ...
 [-0.78138644  0.79958379  0.34267408 ... -0.78418429 -0.52264136
  30.        ]
 [-0.78138644  0.79958379  0.34267408 ... -0.78418429 -0.52264136
  31.        ]
 [-0.78138644  0.79958379  0.34267408 ... -0.78418429 -0.52264136
  32.        ]]
224,[[-1.00203598  1.58460557  1.25683999 ... -0.78418429 -0.52264136
   8.        ]
 [-1.00203598  1.58460557  1.25683999 ... -0.78418429 -0.52264136
   9.        ]
 [-1.00203598  1.58460557  1.25683999 ... -0.78418429 -0.52264136
  10.        ]
 ...
 [-1.00203598  1.58460557  1.25683999 ... -0.78418429 -0.52264136
  30.        ]
 [-1.00203598  1.58460557  1.25683999 ... -0.78418429 -0.52264136
  31.        ]
 [-1.00203598  1.58460557  1.25683999 ... -0.78418429 -0.52264136
  32.        ]]
240,[[ 0.13063192  0.9599812   0.14858496 ... -0.78418429 -0.52264136
   8.        ]
 [ 0.13063192  0.9599812   0.14858496 ... -0.78418429 -0.52264136
   9.        ]
 [ 0.13063192  0.9599812   0.14858496 ... -0.78418429 -0.52264136
  10.        ]
 ...
 [ 0.13063192  0.9599812   0.14858496 ... -0.78418429 -0.52264136
  30.        ]
 [ 0.13063192  0.9599812   0.14858496 ... -0.78418429 -0.52264136
  31.        ]
 [ 0.13063192  0.9599812   0.14858496 ... -0.78418429 -0.52264136
  32.        ]]
256,[[-0.77510226  0.53372514  0.16582826 ... -0.78418429 -0.52264136
   8.        ]
 [-0.77510226  0.53372514  0.16582826 ... -0.78418429 -0.52264136
   9.        ]
 [-0.77510226  0.53372514  0.16582826 ... -0.78418429 -0.52264136
  10.        ]
 ...
 [-0.77510226  0.53372514  0.16582826 ... -0.78418429 -0.52264136
  30.        ]
 [-0.77510226  0.53372514  0.16582826 ... -0.78418429 -0.52264136
  31.        ]
 [-0.77510226  0.53372514  0.16582826 ... -0.78418429 -0.52264136
  32.        ]]
272,[[ 0.11476454  0.85242236  0.85261899 ... -0.78418429 -0.52264136
   8.        ]
 [ 0.11476454  0.85242236  0.85261899 ... -0.78418429 -0.52264136
   9.        ]
 [ 0.11476454  0.85242236  0.85261899 ... -0.78418429 -0.52264136
  10.        ]
 ...
 [ 0.11476454  0.85242236  0.85261899 ... -0.78418429 -0.52264136
  30.        ]
 [ 0.11476454  0.85242236  0.85261899 ... -0.78418429 -0.52264136
  31.        ]
 [ 0.11476454  0.85242236  0.85261899 ... -0.78418429 -0.52264136
  32.        ]]
288,[[ 0.25256634  0.78407115  1.60216641 ... -0.78418429 -0.52264136
   8.        ]
 [ 0.25256634  0.78407115  1.60216641 ... -0.78418429 -0.52264136
   9.        ]
 [ 0.25256634  0.78407115  1.60216641 ... -0.78418429 -0.52264136
  10.        ]
 ...
 [ 0.25256634  0.78407115  1.60216641 ... -0.78418429 -0.52264136
  30.        ]
 [ 0.25256634  0.78407115  1.60216641 ... -0.78418429 -0.52264136
  31.        ]
 [ 0.25256634  0.78407115  1.60216641 ... -0.78418429 -0.52264136
  32.        ]]
304,[[-0.59974915  0.74168026  0.22606874 ... -0.78418429 -0.52264136
   8.        ]
 [-0.59974915  0.74168026  0.22606874 ... -0.78418429 -0.52264136
   9.        ]
 [-0.59974915  0.74168026  0.22606874 ... -0.78418429 -0.52264136
  10.        ]
 ...
 [-0.59974915  0.74168026  0.22606874 ... -0.78418429 -0.52264136
  30.        ]
 [-0.59974915  0.74168026  0.22606874 ... -0.78418429 -0.52264136
  31.        ]
 [-0.59974915  0.74168026  0.22606874 ... -0.78418429 -0.52264136
  32.        ]]
320,[[ 0.45420521  1.80287075  1.22873259 ... -0.78418429 -0.52264136
   8.        ]
 [ 0.45420521  1.80287075  1.22873259 ... -0.78418429 -0.52264136
   9.        ]
 [ 0.45420521  1.80287075  1.22873259 ... -0.78418429 -0.52264136
  10.        ]
 ...
 [ 0.45420521  1.80287075  1.22873259 ... -0.78418429 -0.52264136
  30.        ]
 [ 0.45420521  1.80287075  1.22873259 ... -0.78418429 -0.52264136
  31.        ]
 [ 0.45420521  1.80287075  1.22873259 ... -0.78418429 -0.52264136
  32.        ]]
336,[[-0.6854437   0.47900727  1.23377562 ... -0.78418429 -0.52264136
   8.        ]
 [-0.6854437   0.47900727  1.23377562 ... -0.78418429 -0.52264136
   9.        ]
 [-0.6854437   0.47900727  1.23377562 ... -0.78418429 -0.52264136
  10.        ]
 ...
 [-0.6854437   0.47900727  1.23377562 ... -0.78418429 -0.52264136
  30.        ]
 [-0.6854437   0.47900727  1.23377562 ... -0.78418429 -0.52264136
  31.        ]
 [-0.6854437   0.47900727  1.23377562 ... -0.78418429 -0.52264136
  32.        ]]
352,[[ 0.06867892  0.61178201  1.09172297 ... -0.78418429 -0.52264136
   8.        ]
 [ 0.06867892  0.61178201  1.09172297 ... -0.78418429 -0.52264136
   9.        ]
 [ 0.06867892  0.61178201  1.09172297 ... -0.78418429 -0.52264136
  10.        ]
 ...
 [ 0.06867892  0.61178201  1.09172297 ... -0.78418429 -0.52264136
  30.        ]
 [ 0.06867892  0.61178201  1.09172297 ... -0.78418429 -0.52264136
  31.        ]
 [ 0.06867892  0.61178201  1.09172297 ... -0.78418429 -0.52264136
  32.        ]]
368,[[-0.15353729  0.16083249 -0.13759652 ... -0.78418429 -0.52264136
   8.        ]
 [-0.15353729  0.16083249 -0.13759652 ... -0.78418429 -0.52264136
   9.        ]
 [-0.15353729  0.16083249 -0.13759652 ... -0.78418429 -0.52264136
  10.        ]
 ...
 [-0.15353729  0.16083249 -0.13759652 ... -0.78418429 -0.52264136
  30.        ]
 [-0.15353729  0.16083249 -0.13759652 ... -0.78418429 -0.52264136
  31.        ]
 [-0.15353729  0.16083249 -0.13759652 ... -0.78418429 -0.52264136
  32.        ]]
384,[[-1.66338980e-02  1.08551300e+00  9.29582775e-01 ... -7.84184289e-01
  -5.22641363e-01  8.00000000e+00]
 [-1.66338980e-02  1.08551300e+00  9.29582775e-01 ... -7.84184289e-01
  -5.22641363e-01  9.00000000e+00]
 [-1.66338980e-02  1.08551300e+00  9.29582775e-01 ... -7.84184289e-01
  -5.22641363e-01  1.00000000e+01]
 ...
 [-1.66338980e-02  1.08551300e+00  9.29582775e-01 ... -7.84184289e-01
  -5.22641363e-01  3.00000000e+01]
 [-1.66338980e-02  1.08551300e+00  9.29582775e-01 ... -7.84184289e-01
  -5.22641363e-01  3.10000000e+01]
 [-1.66338980e-02  1.08551300e+00  9.29582775e-01 ... -7.84184289e-01
  -5.22641363e-01  3.20000000e+01]]
400,[[-0.12679586  1.39724398  0.26827872 ... -0.78418429 -0.52264136
   8.        ]
 [-0.12679586  1.39724398  0.26827872 ... -0.78418429 -0.52264136
   9.        ]
 [-0.12679586  1.39724398  0.26827872 ... -0.78418429 -0.52264136
  10.        ]
 ...
 [-0.12679586  1.39724398  0.26827872 ... -0.78418429 -0.52264136
  30.        ]
 [-0.12679586  1.39724398  0.26827872 ... -0.78418429 -0.52264136
  31.        ]
 [-0.12679586  1.39724398  0.26827872 ... -0.78418429 -0.52264136
  32.        ]]
416,[[ 0.04500119  0.40163377  0.94933182 ... -0.78418429 -0.52264136
   8.        ]
 [ 0.04500119  0.40163377  0.94933182 ... -0.78418429 -0.52264136
   9.        ]
 [ 0.04500119  0.40163377  0.94933182 ... -0.78418429 -0.52264136
  10.        ]
 ...
 [ 0.04500119  0.40163377  0.94933182 ... -0.78418429 -0.52264136
  30.        ]
 [ 0.04500119  0.40163377  0.94933182 ... -0.78418429 -0.52264136
  31.        ]
 [ 0.04500119  0.40163377  0.94933182 ... -0.78418429 -0.52264136
  32.        ]]
432,[[-4.54588234e-03  9.86492991e-01  1.07743835e+00 ... -7.84184289e-01
  -5.22641363e-01  8.00000000e+00]
 [-4.54588234e-03  9.86492991e-01  1.07743835e+00 ... -7.84184289e-01
  -5.22641363e-01  9.00000000e+00]
 [-4.54588234e-03  9.86492991e-01  1.07743835e+00 ... -7.84184289e-01
  -5.22641363e-01  1.00000000e+01]
 ...
 [-4.54588234e-03  9.86492991e-01  1.07743835e+00 ... -7.84184289e-01
  -5.22641363e-01  3.00000000e+01]
 [-4.54588234e-03  9.86492991e-01  1.07743835e+00 ... -7.84184289e-01
  -5.22641363e-01  3.10000000e+01]
 [-4.54588234e-03  9.86492991e-01  1.07743835e+00 ... -7.84184289e-01
  -5.22641363e-01  3.20000000e+01]]
448,[[-0.73165935  0.14391914  0.18264025 ... -0.78418429 -0.52264136
   8.        ]
 [-0.73165935  0.14391914  0.18264025 ... -0.78418429 -0.52264136
   9.        ]
 [-0.73165935  0.14391914  0.18264025 ... -0.78418429 -0.52264136
  10.        ]
 ...
 [-0.73165935  0.14391914  0.18264025 ... -0.78418429 -0.52264136
  30.        ]
 [-0.73165935  0.14391914  0.18264025 ... -0.78418429 -0.52264136
  31.        ]
 [-0.73165935  0.14391914  0.18264025 ... -0.78418429 -0.52264136
  32.        ]]
464,[[-1.18457377  1.47513604  0.35651976 ... -0.78418429 -0.52264136
   8.        ]
 [-1.18457377  1.47513604  0.35651976 ... -0.78418429 -0.52264136
   9.        ]
 [-1.18457377  1.47513604  0.35651976 ... -0.78418429 -0.52264136
  10.        ]
 ...
 [-1.18457377  1.47513604  0.35651976 ... -0.78418429 -0.52264136
  30.        ]
 [-1.18457377  1.47513604  0.35651976 ... -0.78418429 -0.52264136
  31.        ]
 [-1.18457377  1.47513604  0.35651976 ... -0.78418429 -0.52264136
  32.        ]]
480,[[ 0.09225798  0.99908519  1.58471656 ... -0.78418429 -0.52264136
   8.        ]
 [ 0.09225798  0.99908519  1.58471656 ... -0.78418429 -0.52264136
   9.        ]
 [ 0.09225798  0.99908519  1.58471656 ... -0.78418429 -0.52264136
  10.        ]
 ...
 [ 0.09225798  0.99908519  1.58471656 ... -0.78418429 -0.52264136
  30.        ]
 [ 0.09225798  0.99908519  1.58471656 ... -0.78418429 -0.52264136
  31.        ]
 [ 0.09225798  0.99908519  1.58471656 ... -0.78418429 -0.52264136
  32.        ]]
496,[[ 0.34846389  0.71928662  0.83653796 ... -0.78418429 -0.52264136
   8.        ]
 [ 0.34846389  0.71928662  0.83653796 ... -0.78418429 -0.52264136
   9.        ]
 [ 0.34846389  0.71928662  0.83653796 ... -0.78418429 -0.52264136
  10.        ]
 ...
 [ 0.34846389  0.71928662  0.83653796 ... -0.78418429 -0.52264136
  30.        ]
 [ 0.34846389  0.71928662  0.83653796 ... -0.78418429 -0.52264136
  31.        ]
 [ 0.34846389  0.71928662  0.83653796 ... -0.78418429 -0.52264136
  32.        ]]
512,[[ 0.58104563  0.81635457  0.48353046 ... -0.78418429 -0.52264136
   8.        ]
 [ 0.58104563  0.81635457  0.48353046 ... -0.78418429 -0.52264136
   9.        ]
 [ 0.58104563  0.81635457  0.48353046 ... -0.78418429 -0.52264136
  10.        ]
 ...
 [ 0.58104563  0.81635457  0.48353046 ... -0.78418429 -0.52264136
  30.        ]
 [ 0.58104563  0.81635457  0.48353046 ... -0.78418429 -0.52264136
  31.        ]
 [ 0.58104563  0.81635457  0.48353046 ... -0.78418429 -0.52264136
  32.        ]]
528,[[-0.74263042  0.83145612  0.22319204 ... -0.78418429 -0.52264136
   8.        ]
 [-0.74263042  0.83145612  0.22319204 ... -0.78418429 -0.52264136
   9.        ]
 [-0.74263042  0.83145612  0.22319204 ... -0.78418429 -0.52264136
  10.        ]
 ...
 [-0.74263042  0.83145612  0.22319204 ... -0.78418429 -0.52264136
  30.        ]
 [-0.74263042  0.83145612  0.22319204 ... -0.78418429 -0.52264136
  31.        ]
 [-0.74263042  0.83145612  0.22319204 ... -0.78418429 -0.52264136
  32.        ]]
544,[[ 0.22873686  0.38833421  0.79921681 ... -0.78418429 -0.52264136
   8.        ]
 [ 0.22873686  0.38833421  0.79921681 ... -0.78418429 -0.52264136
   9.        ]
 [ 0.22873686  0.38833421  0.79921681 ... -0.78418429 -0.52264136
  10.        ]
 ...
 [ 0.22873686  0.38833421  0.79921681 ... -0.78418429 -0.52264136
  30.        ]
 [ 0.22873686  0.38833421  0.79921681 ... -0.78418429 -0.52264136
  31.        ]
 [ 0.22873686  0.38833421  0.79921681 ... -0.78418429 -0.52264136
  32.        ]]
560,[[-0.97131777  1.17508626  0.52805299 ... -0.78418429 -0.52264136
   8.        ]
 [-0.97131777  1.17508626  0.52805299 ... -0.78418429 -0.52264136
   9.        ]
 [-0.97131777  1.17508626  0.52805299 ... -0.78418429 -0.52264136
  10.        ]
 ...
 [-0.97131777  1.17508626  0.52805299 ... -0.78418429 -0.52264136
  30.        ]
 [-0.97131777  1.17508626  0.52805299 ... -0.78418429 -0.52264136
  31.        ]
 [-0.97131777  1.17508626  0.52805299 ... -0.78418429 -0.52264136
  32.        ]]
576,[[ 0.10341482  1.35637283  0.92538005 ... -0.78418429 -0.52264136
   8.        ]
 [ 0.10341482  1.35637283  0.92538005 ... -0.78418429 -0.52264136
   9.        ]
 [ 0.10341482  1.35637283  0.92538005 ... -0.78418429 -0.52264136
  10.        ]
 ...
 [ 0.10341482  1.35637283  0.92538005 ... -0.78418429 -0.52264136
  30.        ]
 [ 0.10341482  1.35637283  0.92538005 ... -0.78418429 -0.52264136
  31.        ]
 [ 0.10341482  1.35637283  0.92538005 ... -0.78418429 -0.52264136
  32.        ]]
592,[[-0.04181122  2.04487133  0.99209625 ... -0.78418429 -0.52264136
   8.        ]
 [-0.04181122  2.04487133  0.99209625 ... -0.78418429 -0.52264136
   9.        ]
 [-0.04181122  2.04487133  0.99209625 ... -0.78418429 -0.52264136
  10.        ]
 ...
 [-0.04181122  2.04487133  0.99209625 ... -0.78418429 -0.52264136
  30.        ]
 [-0.04181122  2.04487133  0.99209625 ... -0.78418429 -0.52264136
  31.        ]
 [-0.04181122  2.04487133  0.99209625 ... -0.78418429 -0.52264136
  32.        ]]
608,[[-0.77056134  0.66973662  0.56750649 ... -0.78418429 -0.52264136
   8.        ]
 [-0.77056134  0.66973662  0.56750649 ... -0.78418429 -0.52264136
   9.        ]
 [-0.77056134  0.66973662  0.56750649 ... -0.78418429 -0.52264136
  10.        ]
 ...
 [-0.77056134  0.66973662  0.56750649 ... -0.78418429 -0.52264136
  30.        ]
 [-0.77056134  0.66973662  0.56750649 ... -0.78418429 -0.52264136
  31.        ]
 [-0.77056134  0.66973662  0.56750649 ... -0.78418429 -0.52264136
  32.        ]]
624,[[ 0.60202771  0.43728632  1.10130048 ... -0.78418429 -0.52264136
   8.        ]
 [ 0.60202771  0.43728632  1.10130048 ... -0.78418429 -0.52264136
   9.        ]
 [ 0.60202771  0.43728632  1.10130048 ... -0.78418429 -0.52264136
  10.        ]
 ...
 [ 0.60202771  0.43728632  1.10130048 ... -0.78418429 -0.52264136
  30.        ]
 [ 0.60202771  0.43728632  1.10130048 ... -0.78418429 -0.52264136
  31.        ]
 [ 0.60202771  0.43728632  1.10130048 ... -0.78418429 -0.52264136
  32.        ]]
